96,192,1518,5,0,00070kick.wav
160,192,1518,1,0,00070bassD.wav
288,192,1518,1,0,00070tb_D.wav
480,192,1518,1,0,00070closed606.wav
224,192,1613,1,0,00070bassE2.wav
352,192,1613,1,0,00070tb_E.wav
416,192,1613,1,0,00070open606.wav
288,192,1708,1,0,00070closed606.wav
160,192,1803,1,0,00070bassE3.wav
352,192,1803,1,0,00070tb_Es.wav
416,192,1803,1,0,00070closed606.wav
96,192,1898,1,0,00070kick.wav
224,192,1898,1,0,00070bassE2.wav
288,192,1898,1,0,00070tb_E.wav
480,192,1898,1,0,00070scymbal.wav
160,192,2088,1,0,00070bassE3.wav
352,192,2088,1,0,00070tb_Es.wav
480,192,2088,1,0,00070closed606.wav
96,192,2183,1,0,00070kick.wav
224,192,2183,1,0,00070bassE2.wav
288,192,2183,1,0,00070tb_E.wav
416,192,2183,1,0,00070closed606.wav
160,192,2373,1,0,00070bassE3.wav
288,192,2373,1,0,00070tb_D.wav
416,192,2373,1,0,00070closed606.wav
96,192,2468,1,0,00070kick.wav
224,192,2468,1,0,00070bassE2.wav
352,192,2468,1,0,00070tb_Es.wav
480,192,2468,1,0,00070open606.wav
416,192,2563,1,0,00070tb_G.wav
96,192,2658,1,0,00070kick.wav
160,192,2658,1,0,00070bassD.wav
288,192,2658,1,0,00070tb_D.wav
480,192,2658,1,0,00070closed606.wav
224,192,2753,1,0,00070bassE2.wav
352,192,2753,1,0,00070tb_E.wav
416,192,2753,1,0,00070open606.wav
288,192,2848,1,0,00070closed606.wav
160,192,2943,1,0,00070bassE3.wav
352,192,2943,1,0,00070tb_Es.wav
416,192,2943,1,0,00070closed606.wav
96,192,3037,1,0,00070kick.wav
224,192,3037,1,0,00070bassE2.wav
288,192,3037,1,0,00070tb_E.wav
480,192,3037,1,0,00070scymbal.wav
160,192,3227,1,0,00070bassE3.wav
352,192,3227,1,0,00070tb_Es.wav
480,192,3227,1,0,00070closed606.wav
96,192,3322,1,0,00070kick.wav
224,192,3322,1,0,00070bassE2.wav
288,192,3322,1,0,00070tb_E.wav
416,192,3322,1,0,00070closed606.wav
160,192,3512,1,0,00070bassE3.wav
352,192,3512,1,0,00070tb_Es.wav
416,192,3512,1,0,00070closed606.wav
96,192,3607,1,0,00070kick.wav
224,192,3607,1,0,00070bassE2.wav
288,192,3607,1,0,00070tb_D.wav
480,192,3607,1,0,00070open606.wav
416,192,3702,1,0,00070tb_G.wav
96,192,3797,1,0,00070kick.wav
160,192,3797,1,0,00070bassD.wav
288,192,3797,1,0,00070tb_D.wav
480,192,3797,1,0,00070closed606.wav
224,192,3892,1,0,00070bassE2.wav
352,192,3892,1,0,00070tb_E.wav
416,192,3892,1,0,00070open606.wav
288,192,3987,1,0,00070closed606.wav
160,192,4082,1,0,00070bassE3.wav
352,192,4082,1,0,00070tb_Es.wav
416,192,4082,1,0,00070closed606.wav
96,192,4177,1,0,00070kick.wav
224,192,4177,1,0,00070bassE2.wav
288,192,4177,1,0,00070tb_E.wav
480,192,4177,1,0,00070scymbal.wav
160,192,4367,1,0,00070bassE3.wav
352,192,4367,1,0,00070tb_Es.wav
480,192,4367,1,0,00070closed606.wav
96,192,4462,1,0,00070kick.wav
224,192,4462,1,0,00070bassE2.wav
288,192,4462,1,0,00070tb_E.wav
416,192,4462,1,0,00070closed606.wav
160,192,4651,1,0,00070bassE3.wav
352,192,4651,1,0,00070tb_G.wav
416,192,4651,1,0,00070closed606.wav
96,192,4746,1,0,00070kick.wav
224,192,4746,1,0,00070bassE2.wav
288,192,4746,1,0,00070tb_D.wav
480,192,4746,1,0,00070open606.wav
352,192,4841,1,0,00070tb_Es.wav
96,192,4936,1,0,00070kick.wav
160,192,4936,1,0,00070bassD.wav
288,192,4936,1,0,00070tb_D.wav
480,192,4936,1,0,00070closed606.wav
96,192,5031,1,0,00070kick.wav
224,192,5031,1,0,00070bassE2.wav
352,192,5031,1,0,00070tb_E.wav
416,192,5031,1,0,00070open606.wav
96,192,5221,1,0,00070kick.wav
224,192,5221,1,0,00070bassE1.wav
352,192,5221,1,0,00070tb_Es.wav
416,192,5221,1,0,00070closed606.wav
288,192,5316,1,0,00070tb_E.wav
480,192,5316,1,0,00070scymbal.wav
160,192,5506,1,0,00070bassD.wav
352,192,5506,1,0,00070tb_Es.wav
480,192,5506,1,0,00070closed606.wav
96,192,5601,1,0,00070kick.wav
224,192,5601,1,0,00070bassE2.wav
288,192,5601,1,0,00070tb_E.wav
416,192,5601,1,0,00070open606.wav
96,192,5791,1,0,00070kick.wav
224,192,5791,1,0,00070bassE3.wav
352,192,5791,1,0,00070tb_Es.wav
416,192,5791,1,0,00070closed606.wav
96,192,5886,1,0,00070kick.wav
224,192,5886,1,0,00070bassD.wav
288,192,5886,1,0,00070tb_D.wav
480,192,5886,1,0,00070open606.wav
160,192,5981,1,0,00070bassE3.wav
416,192,5981,1,0,00070tb_G.wav
96,192,6075,1,0,00070kick.wav
224,192,6075,1,0,00070bassD.wav
288,192,6075,1,0,00070tb_D.wav
480,192,6075,1,0,00070closed606.wav
160,192,6170,1,0,00070bassE2.wav
352,192,6170,1,0,00070tb_E.wav
416,192,6170,1,0,00070open606.wav
288,192,6265,1,0,00070closed606.wav
160,192,6360,1,0,00070bassE3.wav
352,192,6360,1,0,00070tb_Es.wav
416,192,6360,1,0,00070closed606.wav
96,192,6455,1,0,00070kick.wav
224,192,6455,1,0,00070bassE2.wav
288,192,6455,1,0,00070tb_E.wav
480,192,6455,1,0,00070scymbal.wav
160,192,6645,1,0,00070bassE3.wav
352,192,6645,1,0,00070tb_Es.wav
480,192,6645,1,0,00070closed606.wav
96,192,6740,1,0,00070kick.wav
224,192,6740,1,0,00070bassE2.wav
288,192,6740,1,0,00070tb_E.wav
416,192,6740,1,0,00070closed606.wav
160,192,6930,1,0,00070bassE3.wav
288,192,6930,1,0,00070tb_D.wav
416,192,6930,1,0,00070closed606.wav
96,192,7025,1,0,00070kick.wav
224,192,7025,1,0,00070bassE2.wav
352,192,7025,1,0,00070tb_Es.wav
480,192,7025,1,0,00070open606.wav
416,192,7120,1,0,00070tb_G.wav
96,192,7215,1,0,00070kick.wav
160,192,7215,1,0,00070bassD.wav
288,192,7215,1,0,00070tb_D.wav
480,192,7215,1,0,00070closed606.wav
224,192,7310,1,0,00070bassE2.wav
352,192,7310,1,0,00070tb_E.wav
416,192,7310,1,0,00070open606.wav
288,192,7405,1,0,00070closed606.wav
160,192,7500,1,0,00070bassE3.wav
352,192,7500,1,0,00070tb_Es.wav
416,192,7500,1,0,00070closed606.wav
96,192,7594,1,0,00070kick.wav
224,192,7594,1,0,00070bassE2.wav
288,192,7594,1,0,00070tb_E.wav
480,192,7594,1,0,00070scymbal.wav
160,192,7784,1,0,00070bassE3.wav
352,192,7784,1,0,00070tb_Es.wav
480,192,7784,1,0,00070closed606.wav
96,192,7879,1,0,00070kick.wav
224,192,7879,1,0,00070bassE2.wav
288,192,7879,1,0,00070tb_E.wav
416,192,7879,1,0,00070open606.wav
160,192,8069,1,0,00070bassE3.wav
288,192,8069,1,0,00070tb_D.wav
416,192,8069,1,0,00070closed606.wav
96,192,8164,1,0,00070kick.wav
224,192,8164,1,0,00070bassE2.wav
352,192,8164,1,0,00070tb_Es.wav
480,192,8164,1,0,00070open606.wav
416,192,8259,1,0,00070tb_G.wav
96,192,8354,1,0,00070kick.wav
160,192,8354,1,0,00070bassD.wav
288,192,8354,1,0,00070tb_D.wav
480,192,8354,1,0,00070closed606.wav
224,192,8449,1,0,00070bassE2.wav
352,192,8449,1,0,00070tb_E.wav
416,192,8449,1,0,00070open606.wav
288,192,8544,1,0,00070closed606.wav
160,192,8639,1,0,00070bassE3.wav
352,192,8639,1,0,00070tb_Es.wav
416,192,8639,1,0,00070closed606.wav
96,192,8734,1,0,00070kick.wav
224,192,8734,1,0,00070bassE2.wav
288,192,8734,1,0,00070tb_E.wav
480,192,8734,1,0,00070scymbal.wav
160,192,8924,1,0,00070bassE3.wav
352,192,8924,1,0,00070tb_Es.wav
480,192,8924,1,0,00070closed606.wav
96,192,9018,1,0,00070kick.wav
224,192,9018,1,0,00070bassE2.wav
288,192,9018,1,0,00070tb_E.wav
416,192,9018,1,0,00070closed606.wav
160,192,9208,1,0,00070bassE3.wav
352,192,9208,1,0,00070tb_G.wav
416,192,9208,1,0,00070closed606.wav
96,192,9303,1,0,00070kick.wav
224,192,9303,1,0,00070bassE2.wav
288,192,9303,1,0,00070tb_D.wav
480,192,9303,1,0,00070open606.wav
352,192,9398,1,0,00070tb_Es.wav
96,192,9493,1,0,00070kick.wav
160,192,9493,1,0,00070bassD.wav
288,192,9493,1,0,00070tb_D.wav
416,192,9493,1,0,00070closed606.wav
96,192,9588,1,0,00070kick.wav
224,192,9588,1,0,00070bassE2.wav
352,192,9588,1,0,00070tb_E.wav
480,192,9588,1,0,00070open606.wav
96,192,9778,1,0,00070kick.wav
160,192,9778,1,0,00070bassD.wav
352,192,9778,1,0,00070tb_Es.wav
416,192,9778,1,0,00070closed606.wav
96,192,9873,1,0,00070kick.wav
224,192,9873,1,0,00070bassE2.wav
352,192,9873,1,0,00070tb_E.wav
480,192,9873,1,0,00070scymbal.wav
96,192,10063,1,0,00070kick.wav
160,192,10063,1,0,00070bassD.wav
352,192,10063,1,0,00070tb_Es.wav
416,192,10063,1,0,00070closed606.wav
96,192,10158,1,0,00070kick.wav
224,192,10158,1,0,00070bassE2.wav
352,192,10158,1,0,00070tb_E.wav
480,192,10158,1,0,00070open606.wav
96,192,10348,1,0,00070kick.wav
160,192,10348,1,0,00070bassD.wav
352,192,10348,1,0,00070tb_Es.wav
416,192,10348,1,0,00070closed606.wav
96,192,10443,1,0,00070kick.wav
224,192,10443,1,0,00070bassE2.wav
352,192,10443,1,0,00070tb_E.wav
480,192,10443,1,0,00070open606.wav
96,192,10632,1,0,00070kick.wav
224,192,10632,1,0,00070bassE2.wav
352,192,10632,1,0,00070tb_E.wav
416,192,10632,1,0,00070closed606.wav
480,192,10632,1,0,00070HI_C_15J.wav
96,192,10822,1,0,00070bassD.wav
288,192,10822,1,0,00070tb_D.wav
480,192,10822,1,0,00070HI_C_15J.wav
160,192,10917,1,0,00070bassE3.wav
352,192,10917,1,0,00070tb_Es.wav
96,192,11012,1,0,00070kick.wav
224,192,11012,1,0,00070bassG.wav
288,192,11012,1,0,00070open606.wav
416,192,11012,1,0,00070tb_G.wav
480,192,11012,1,0,00070scymbal.wav
160,192,11107,1,0,00070bassE3.wav
352,192,11107,1,0,00070tb_Es.wav
96,192,11202,1,0,00070bassD.wav
288,192,11202,1,0,00070tb_D.wav
480,192,11202,1,0,00070HI_C_15J.wav
160,192,11297,1,0,00070bassE1.wav
352,192,11297,1,0,00070tb_Es.wav
416,192,11297,1,0,00070HI_O_15J.wav
96,192,11392,1,0,00070kick.wav
224,192,11392,1,0,00070bassD.wav
288,192,11392,1,0,00070closed606.wav
160,192,11487,1,0,00070bassE2.wav
416,192,11487,1,0,00070HI_C_15J.wav
352,192,11582,1,0,00070closed606.wav
160,192,11677,1,0,00070bassE3.wav
288,192,11677,1,0,00070closed606.wav
416,192,11677,1,0,00070HI_C_15J.wav
96,192,11772,1,0,00070kick.wav
224,192,11772,1,0,00070bassE2.wav
352,192,11772,1,0,00070open606.wav
480,192,11772,1,0,00070scymbal.wav
160,192,11962,1,0,00070bassD.wav
352,192,11962,1,0,00070closed606.wav
480,192,11962,1,0,00070HI_C_15J.wav
224,192,12056,1,0,00070bassE3.wav
288,192,12056,1,0,00070closed606.wav
416,192,12056,1,0,00070HI_C_15J.wav
96,192,12151,1,0,00070kick.wav
352,192,12151,1,0,00070bassG.wav
224,192,12246,1,0,00070bassE3.wav
288,192,12246,1,0,00070closed606.wav
416,192,12246,1,0,00070HI_C_15J.wav
160,192,12341,1,0,00070bassD.wav
352,192,12341,1,0,00070open606.wav
480,192,12341,1,0,00070HI_O_15J.wav
96,192,12436,1,0,00070kick.wav
224,192,12436,1,0,00070bassE3.wav
96,192,12531,1,0,00070kick.wav
160,192,12531,1,0,00070bassD.wav
288,192,12531,1,0,00070closed606.wav
416,192,12531,1,0,00070HI_C_15J.wav
224,192,12626,1,0,00070bassE2.wav
352,192,12626,1,0,00070open606.wav
480,192,12626,1,0,00070HI_O_15J.wav
288,192,12721,1,0,00070closed606.wav
416,192,12721,1,0,00070HI_C_15J.wav
160,192,12816,1,0,00070bassE3.wav
288,192,12816,1,0,00070closed606.wav
416,192,12816,1,0,00070HI_C_15J.wav
96,192,12911,1,0,00070kick.wav
224,192,12911,1,0,00070bassE2.wav
352,192,12911,1,0,00070open606.wav
480,192,12911,1,0,00070scymbal.wav
160,192,13101,1,0,00070bassE3.wav
352,192,13101,1,0,00070closed606.wav
480,192,13101,1,0,00070HI_C_15J.wav
224,192,13196,1,0,00070bassE2.wav
288,192,13196,1,0,00070closed606.wav
416,192,13196,1,0,00070HI_C_15J.wav
96,192,13291,1,0,00070kick.wav
160,192,13386,1,0,00070bassE3.wav
288,192,13386,1,0,00070closed606.wav
416,192,13386,1,0,00070HI_C_15J.wav
224,192,13481,1,0,00070bassE2.wav
352,192,13481,1,0,00070open606.wav
480,192,13481,1,0,00070HI_O_15J.wav
96,192,13670,1,0,00070kick.wav
224,192,13670,1,0,00070bassE2.wav
352,192,13670,1,0,00070closed606.wav
480,192,13670,1,0,00070HI_C_15J.wav
288,192,13765,1,0,00070closed606.wav
160,192,13860,1,0,00070bassD.wav
352,192,13860,1,0,00070open606.wav
416,192,13860,1,0,00070HI_C_15J.wav
224,192,13955,1,0,00070bassE3.wav
288,192,13955,1,0,00070closed606.wav
96,192,14050,1,0,00070kick.wav
352,192,14050,1,0,00070bassG.wav
480,192,14050,1,0,00070scymbal.wav
224,192,14145,1,0,00070bassE3.wav
288,192,14145,1,0,00070closed606.wav
96,192,14240,1,0,00070kick.wav
160,192,14240,1,0,00070bassD.wav
352,192,14240,1,0,00070open606.wav
416,192,14240,1,0,00070HI_C_15J.wav
224,192,14335,1,0,00070bassE3.wav
480,192,14335,1,0,00070HI_O_15J.wav
96,192,14430,1,0,00070kick.wav
160,192,14430,1,0,00070bassD.wav
288,192,14430,1,0,00070closed606.wav
224,192,14525,1,0,00070bassE2.wav
416,192,14525,1,0,00070HI_C_15J.wav
352,192,14620,1,0,00070closed606.wav
160,192,14715,1,0,00070bassE3.wav
288,192,14715,1,0,00070closed606.wav
416,192,14715,1,0,00070HI_C_15J.wav
96,192,14810,1,0,00070kick.wav
224,192,14810,1,0,00070bassE2.wav
352,192,14810,1,0,00070open606.wav
480,192,14810,1,0,00070scymbal.wav
160,192,15000,1,0,00070bassD.wav
352,192,15000,1,0,00070closed606.wav
480,192,15000,1,0,00070HI_C_15J.wav
224,192,15094,1,0,00070bassE3.wav
288,192,15094,1,0,00070closed606.wav
416,192,15094,1,0,00070HI_C_15J.wav
96,192,15189,1,0,00070kick.wav
352,192,15189,1,0,00070bassG.wav
96,192,15284,1,0,00070kick.wav
224,192,15284,1,0,00070bassE3.wav
288,192,15284,1,0,00070closed606.wav
416,192,15284,1,0,00070HI_C_15J.wav
160,192,15379,1,0,00070bassD.wav
352,192,15379,1,0,00070open606.wav
480,192,15379,1,0,00070HI_O_15J.wav
96,192,15474,1,0,00070kick.wav
224,192,15474,1,0,00070bassE3.wav
96,192,15569,1,0,00070kick.wav
160,192,15569,1,0,00070bassD.wav
288,192,15569,1,0,00070closed606.wav
416,192,15569,1,0,00070HI_C_15J.wav
224,192,15664,1,0,00070bassE2.wav
352,192,15664,1,0,00070open606.wav
480,192,15664,1,0,00070HI_O_15J.wav
288,192,15759,1,0,00070closed606.wav
416,192,15759,1,0,00070HI_C_15J.wav
160,192,15854,1,0,00070bassE3.wav
288,192,15854,1,0,00070closed606.wav
416,192,15854,1,0,00070HI_C_15J.wav
96,192,15949,1,0,00070kick.wav
224,192,15949,1,0,00070bassE2.wav
352,192,15949,1,0,00070open606.wav
480,192,15949,1,0,00070scymbal.wav
160,192,16139,1,0,00070bassE3.wav
352,192,16139,1,0,00070closed606.wav
480,192,16139,1,0,00070HI_C_15J.wav
224,192,16234,1,0,00070bassE2.wav
288,192,16234,1,0,00070closed606.wav
416,192,16234,1,0,00070HI_C_15J.wav
96,192,16329,1,0,00070kick.wav
160,192,16424,1,0,00070bassE3.wav
288,192,16424,1,0,00070closed606.wav
416,192,16424,1,0,00070HI_C_15J.wav
224,192,16518,1,0,00070bassE2.wav
352,192,16518,1,0,00070open606.wav
480,192,16518,1,0,00070HI_O_15J.wav
96,192,16708,1,0,00070kick.wav
224,192,16708,1,0,00070bassE2.wav
352,192,16708,1,0,00070closed606.wav
416,192,16708,1,0,00070HI_C_15J.wav
288,192,16803,1,0,00070closed606.wav
160,192,16898,1,0,00070bassD.wav
352,192,16898,1,0,00070open606.wav
480,192,16898,1,0,00070HI_C_15J.wav
224,192,16993,1,0,00070bassE3.wav
288,192,16993,1,0,00070closed606.wav
416,192,16993,1,0,00070HI_C_15J.wav
96,192,17088,1,0,00070kick.wav
352,192,17088,1,0,00070bassG.wav
480,192,17088,1,0,00070scymbal.wav
224,192,17183,1,0,00070bassE3.wav
288,192,17183,1,0,00070closed606.wav
96,192,17278,1,0,00070kick.wav
160,192,17278,1,0,00070bassD.wav
352,192,17278,1,0,00070open606.wav
416,192,17278,1,0,00070HI_C_15J.wav
96,192,17373,1,0,00070kick.wav
224,192,17373,1,0,00070bassE3.wav
480,192,17373,1,0,00070HI_O_15J.wav
96,192,17468,1,0,00070kick.wav
160,192,17468,1,0,00070bassD.wav
288,192,17468,1,0,00070closed606.wav
224,192,17563,1,0,00070bassE2.wav
416,192,17563,1,0,00070HI_C_15J.wav
352,192,17658,1,0,00070closed606.wav
160,192,17753,1,0,00070bassE3.wav
288,192,17753,1,0,00070closed606.wav
416,192,17753,1,0,00070HI_C_15J.wav
96,192,17848,1,0,00070kick.wav
224,192,17848,1,0,00070bassE2.wav
352,192,17848,1,0,00070open606.wav
480,192,17848,1,0,00070scymbal.wav
160,192,18037,1,0,00070bassD.wav
352,192,18037,1,0,00070closed606.wav
480,192,18037,1,0,00070HI_C_15J.wav
224,192,18132,1,0,00070bassE3.wav
288,192,18132,1,0,00070closed606.wav
416,192,18132,1,0,00070HI_C_15J.wav
96,192,18227,1,0,00070kick.wav
352,192,18227,1,0,00070bassG.wav
224,192,18322,1,0,00070bassE3.wav
288,192,18322,1,0,00070closed606.wav
416,192,18322,1,0,00070HI_C_15J.wav
160,192,18417,1,0,00070bassD.wav
352,192,18417,1,0,00070open606.wav
480,192,18417,1,0,00070HI_O_15J.wav
96,192,18512,1,0,00070kick.wav
224,192,18512,1,0,00070bassE3.wav
96,192,18607,1,0,00070kick.wav
160,192,18607,1,0,00070bassD.wav
288,192,18607,1,0,00070closed606.wav
416,192,18607,1,0,00070HI_C_15J.wav
224,192,18702,1,0,00070bassE2.wav
352,192,18702,1,0,00070open606.wav
480,192,18702,1,0,00070HI_O_15J.wav
288,192,18797,1,0,00070closed606.wav
416,192,18797,1,0,00070HI_C_15J.wav
160,192,18892,1,0,00070bassE3.wav
288,192,18892,1,0,00070closed606.wav
416,192,18892,1,0,00070HI_C_15J.wav
96,192,18987,1,0,00070kick.wav
224,192,18987,1,0,00070bassE2.wav
352,192,18987,1,0,00070open606.wav
480,192,18987,1,0,00070scymbal.wav
160,192,19177,1,0,00070bassE3.wav
352,192,19177,1,0,00070closed606.wav
480,192,19177,1,0,00070HI_C_15J.wav
224,192,19272,1,0,00070bassE2.wav
288,192,19272,1,0,00070closed606.wav
416,192,19272,1,0,00070HI_C_15J.wav
96,192,19367,1,0,00070kick.wav
160,192,19462,1,0,00070bassE3.wav
288,192,19462,1,0,00070closed606.wav
416,192,19462,1,0,00070HI_C_15J.wav
224,192,19556,1,0,00070bassE2.wav
352,192,19556,1,0,00070open606.wav
480,192,19556,1,0,00070HI_O_15J.wav
96,192,19746,1,0,00070kick.wav
224,192,19746,1,0,00070bassE2.wav
352,192,19746,1,0,00070closed606.wav
416,192,19746,1,0,00070HI_C_15J.wav
288,192,19841,1,0,00070closed606.wav
160,192,19936,1,0,00070bassD.wav
352,192,19936,1,0,00070open606.wav
416,192,19936,1,0,00070HI_C_15J.wav
224,192,20031,1,0,00070bassE3.wav
288,192,20031,1,0,00070closed606.wav
96,192,20126,1,0,00070kick.wav
352,192,20126,1,0,00070bassG.wav
480,192,20126,1,0,00070scymbal.wav
224,192,20221,1,0,00070bassE3.wav
288,192,20221,1,0,00070closed606.wav
96,192,20316,1,0,00070kick.wav
160,192,20316,1,0,00070bassD.wav
352,192,20316,1,0,00070open606.wav
416,192,20316,1,0,00070HI_C_15J.wav
224,192,20411,1,0,00070bassE3.wav
480,192,20411,1,0,00070HI_O_15J.wav
96,192,20506,1,0,00070kick.wav
160,192,20506,1,0,00070bassD.wav
288,192,20506,1,0,00070closed606.wav
224,192,20601,1,0,00070bassE2.wav
416,192,20601,1,0,00070HI_C_15J.wav
352,192,20696,1,0,00070closed606.wav
160,192,20791,1,0,00070bassE3.wav
288,192,20791,1,0,00070closed606.wav
416,192,20791,1,0,00070HI_C_15J.wav
96,192,20886,1,0,00070kick.wav
224,192,20886,1,0,00070bassE2.wav
352,192,20886,1,0,00070open606.wav
480,192,20886,1,0,00070scymbal.wav
160,192,21075,1,0,00070bassD.wav
352,192,21075,1,0,00070closed606.wav
480,192,21075,1,0,00070HI_C_15J.wav
224,192,21170,1,0,00070bassE3.wav
288,192,21170,1,0,00070closed606.wav
416,192,21170,1,0,00070HI_C_15J.wav
96,192,21265,1,0,00070kick.wav
352,192,21265,1,0,00070bassG.wav
96,192,21360,1,0,00070kick.wav
224,192,21360,1,0,00070bassE3.wav
288,192,21360,1,0,00070closed606.wav
416,192,21360,1,0,00070HI_C_15J.wav
160,192,21455,1,0,00070bassD.wav
352,192,21455,1,0,00070open606.wav
480,192,21455,1,0,00070HI_O_15J.wav
96,192,21550,1,0,00070kick.wav
224,192,21550,1,0,00070bassE3.wav
96,192,21645,1,0,00070kick.wav
160,192,21645,1,0,00070bassE3.wav
352,192,21645,1,0,00070closed606.wav
416,192,21645,1,0,00070HI_C_15J.wav
96,192,21740,1,0,00070kick.wav
224,192,21740,1,0,00070bassE2.wav
288,192,21740,1,0,00070closed606.wav
480,192,21740,1,0,00070HI_O_15J.wav
96,192,21930,1,0,00070kick.wav
160,192,21930,1,0,00070bassE3.wav
288,192,21930,1,0,00070closed606.wav
416,192,21930,1,0,00070HI_C_15J.wav
96,192,22025,1,0,00070kick.wav
224,192,22025,1,0,00070bassE2.wav
352,192,22025,1,0,00070open606.wav
416,192,22025,1,0,00070HI_C_15J.wav
480,192,22025,1,0,00070scymbal.wav
96,192,22215,1,0,00070kick.wav
160,192,22215,1,0,00070bassE3.wav
288,192,22215,1,0,00070closed606.wav
416,192,22215,1,0,00070HI_C_15J.wav
96,192,22310,1,0,00070kick.wav
224,192,22310,1,0,00070bassE1.wav
352,192,22310,1,0,00070open606.wav
480,192,22310,1,0,00070HI_O_15J.wav
416,192,22500,1,0,00070HI_C_15J.wav
96,192,22594,1,0,00070kick.wav
224,192,22594,1,0,00070bassE2.wav
352,192,22594,1,0,00070open606.wav
416,192,22594,1,0,00070HI_C_15J.wav
96,192,22784,1,0,00070kick.wav
224,192,22784,1,0,00070bassE2.wav
288,192,22784,1,0,00070closed606.wav
416,192,22784,1,0,00070HI_C_15J.wav
96,192,22974,1,0,00070kick.wav
160,192,22974,1,0,00070bassD.wav
352,192,22974,1,0,00070open606.wav
416,192,22974,1,0,00070HI_C_15J.wav
96,192,23069,1,0,00070kick.wav
224,192,23069,1,0,00070bassE3.wav
288,192,23069,1,0,00070closed606.wav
480,192,23069,1,0,00070scymbal.wav
352,192,23164,1,0,00070bassG.wav
224,192,23259,1,0,00070bassE3.wav
160,192,23354,1,0,00070bassD.wav
224,192,23449,1,0,00070bassE3.wav
96,192,23544,1,0,00070kick.wav
160,192,23544,1,0,00070bassD.wav
480,192,23544,1,0,00070closed606.wav
224,192,23639,1,0,00070bassE1.wav
352,192,23639,1,0,00070HI_C_15J.wav
288,192,23734,1,0,00070HI_C_15J.wav
416,192,23734,1,0,00070closed606.wav
352,192,23829,1,0,00070HI_C_15J.wav
480,192,23829,1,0,00070closed606.wav
96,192,23924,1,0,00070kick.wav
224,192,23924,1,0,00070bassE1.wav
416,192,23924,1,0,00070open606.wav
352,192,24113,1,0,00070HI_C_15J.wav
416,192,24113,1,0,00070closed606.wav
160,192,24208,1,0,00070bassE1.wav
288,192,24208,1,0,00070RIM.wav
480,192,24208,1,0,00070closed606.wav
96,192,24303,1,0,00070kick.wav
416,192,24303,1,0,00070open606.wav
160,192,24398,1,0,00070bassE3.wav
288,192,24398,1,0,00070RIM.wav
352,192,24493,1,0,00070bassG.wav
480,192,24493,1,0,00070closed606.wav
224,192,24588,1,0,00070bassE3.wav
288,192,24588,1,0,00070HI_C_15J.wav
416,192,24588,1,0,00070closed606.wav
96,192,24683,1,0,00070kick.wav
160,192,24683,1,0,00070bassD.wav
352,192,24683,1,0,00070HI_C_15J.wav
224,192,24778,1,0,00070bassE2.wav
288,192,24778,1,0,00070RIM.wav
416,192,24778,1,0,00070closed606.wav
96,192,24873,1,0,00070kick.wav
352,192,24873,1,0,00070HI_C_15J.wav
480,192,24873,1,0,00070closed606.wav
160,192,24968,1,0,00070bassE1.wav
288,192,24968,1,0,00070RIM.wav
352,192,25063,1,0,00070HI_C_15J.wav
416,192,25063,1,0,00070closed606.wav
288,192,25158,1,0,00070RIM.wav
480,192,25158,1,0,00070closed606.wav
96,192,25253,1,0,00070kick.wav
224,192,25253,1,0,00070bassE1.wav
416,192,25253,1,0,00070open606.wav
352,192,25443,1,0,00070HI_C_15J.wav
416,192,25443,1,0,00070closed606.wav
224,192,25537,1,0,00070bassE2.wav
288,192,25537,1,0,00070RIM.wav
480,192,25537,1,0,00070closed606.wav
96,192,25632,1,0,00070kick.wav
352,192,25632,1,0,00070HI_C_15J.wav
416,192,25632,1,0,00070closed606.wav
160,192,25727,1,0,00070bassE3.wav
288,192,25727,1,0,00070RIM.wav
480,192,25727,1,0,00070closed606.wav
224,192,25822,1,0,00070bassE2.wav
416,192,25822,1,0,00070open606.wav
480,192,25917,1,0,00070closed606.wav
96,192,26012,1,0,00070kick.wav
160,192,26012,1,0,00070bassD.wav
352,192,26012,1,0,00070HI_C_15J.wav
416,192,26012,1,0,00070open606.wav
224,192,26107,1,0,00070bassE3.wav
288,192,26107,1,0,00070RIM.wav
352,192,26202,1,0,00070bassG.wav
480,192,26202,1,0,00070closed606.wav
224,192,26297,1,0,00070bassE3.wav
96,192,26392,1,0,00070kick.wav
160,192,26392,1,0,00070bassD.wav
352,192,26392,1,0,00070HI_C_15J.wav
480,192,26392,1,0,00070closed606.wav
224,192,26487,1,0,00070bassE3.wav
288,192,26487,1,0,00070RIM.wav
416,192,26487,1,0,00070closed606.wav
96,192,26582,1,0,00070kick.wav
160,192,26582,1,0,00070bassD.wav
480,192,26582,1,0,00070closed606.wav
224,192,26677,1,0,00070bassE1.wav
352,192,26677,1,0,00070HI_C_15J.wav
288,192,26772,1,0,00070HI_C_15J.wav
416,192,26772,1,0,00070closed606.wav
352,192,26867,1,0,00070HI_C_15J.wav
480,192,26867,1,0,00070closed606.wav
96,192,26962,1,0,00070kick.wav
224,192,26962,1,0,00070bassE1.wav
416,192,26962,1,0,00070open606.wav
352,192,27151,1,0,00070HI_C_15J.wav
416,192,27151,1,0,00070closed606.wav
160,192,27246,1,0,00070bassE1.wav
288,192,27246,1,0,00070RIM.wav
480,192,27246,1,0,00070closed606.wav
96,192,27341,1,0,00070kick.wav
416,192,27341,1,0,00070open606.wav
160,192,27436,1,0,00070bassE3.wav
288,192,27436,1,0,00070RIM.wav
352,192,27531,1,0,00070bassG.wav
480,192,27531,1,0,00070closed606.wav
224,192,27626,1,0,00070bassE3.wav
288,192,27626,1,0,00070HI_C_15J.wav
416,192,27626,1,0,00070closed606.wav
96,192,27721,1,0,00070kick.wav
160,192,27721,1,0,00070bassD.wav
352,192,27721,1,0,00070HI_C_15J.wav
224,192,27816,1,0,00070bassE2.wav
288,192,27816,1,0,00070RIM.wav
416,192,27816,1,0,00070closed606.wav
96,192,27911,1,0,00070kick.wav
352,192,27911,1,0,00070HI_C_15J.wav
480,192,27911,1,0,00070closed606.wav
160,192,28006,1,0,00070bassE1.wav
288,192,28006,1,0,00070RIM.wav
352,192,28101,1,0,00070HI_C_15J.wav
416,192,28101,1,0,00070closed606.wav
288,192,28196,1,0,00070RIM.wav
480,192,28196,1,0,00070closed606.wav
96,192,28291,1,0,00070kick.wav
224,192,28291,1,0,00070bassE1.wav
416,192,28291,1,0,00070open606.wav
352,192,28481,1,0,00070HI_C_15J.wav
416,192,28481,1,0,00070closed606.wav
224,192,28575,1,0,00070bassE2.wav
288,192,28575,1,0,00070RIM.wav
480,192,28575,1,0,00070closed606.wav
96,192,28670,1,0,00070kick.wav
416,192,28670,1,0,00070closed606.wav
160,192,28765,1,0,00070bassE3.wav
288,192,28765,1,0,00070RIM.wav
480,192,28765,1,0,00070closed606.wav
224,192,28860,1,0,00070bassE2.wav
416,192,28860,1,0,00070open606.wav
480,192,28955,1,0,00070closed606.wav
96,192,29050,1,0,00070kick.wav
160,192,29050,1,0,00070bassD.wav
352,192,29050,1,0,00070HI_C_15J.wav
416,192,29050,1,0,00070open606.wav
224,192,29145,1,0,00070bassE3.wav
288,192,29145,1,0,00070RIM.wav
96,192,29240,1,0,00070kick.wav
352,192,29240,1,0,00070bassG.wav
480,192,29240,1,0,00070closed606.wav
224,192,29335,1,0,00070bassE3.wav
288,192,29335,1,0,00070RIM.wav
96,192,29430,1,0,00070kick.wav
160,192,29430,1,0,00070bassD.wav
352,192,29430,1,0,00070HI_C_15J.wav
480,192,29430,1,0,00070closed606.wav
96,192,29525,1,0,00070kick.wav
224,192,29525,1,0,00070bassE3.wav
288,192,29525,1,0,00070RIM.wav
416,192,29525,1,0,00070closed606.wav
96,192,29620,1,0,00070kick.wav
160,192,29620,1,0,00070bassD.wav
480,192,29620,1,0,00070closed606.wav
224,192,29715,1,0,00070bassE1.wav
352,192,29715,1,0,00070HI_C_15J.wav
288,192,29810,1,0,00070HI_C_15J.wav
416,192,29810,1,0,00070closed606.wav
352,192,29905,1,0,00070HI_C_15J.wav
480,192,29905,1,0,00070closed606.wav
96,192,30000,1,0,00070kick.wav
224,192,30000,1,0,00070bassE1.wav
416,192,30000,1,0,00070open606.wav
352,192,30189,1,0,00070HI_C_15J.wav
416,192,30189,1,0,00070closed606.wav
160,192,30284,1,0,00070bassE1.wav
288,192,30284,1,0,00070RIM.wav
480,192,30284,1,0,00070closed606.wav
96,192,30379,1,0,00070kick.wav
416,192,30379,1,0,00070open606.wav
160,192,30474,1,0,00070bassE3.wav
288,192,30474,1,0,00070RIM.wav
352,192,30569,1,0,00070bassG.wav
480,192,30569,1,0,00070closed606.wav
224,192,30664,1,0,00070bassE3.wav
288,192,30664,1,0,00070HI_C_15J.wav
416,192,30664,1,0,00070closed606.wav
96,192,30759,1,0,00070kick.wav
160,192,30759,1,0,00070bassD.wav
352,192,30759,1,0,00070HI_C_15J.wav
224,192,30854,1,0,00070bassE2.wav
288,192,30854,1,0,00070RIM.wav
416,192,30854,1,0,00070closed606.wav
96,192,30949,1,0,00070kick.wav
352,192,30949,1,0,00070HI_C_15J.wav
480,192,30949,1,0,00070closed606.wav
160,192,31044,1,0,00070bassE1.wav
288,192,31044,1,0,00070RIM.wav
352,192,31139,1,0,00070HI_C_15J.wav
416,192,31139,1,0,00070closed606.wav
288,192,31234,1,0,00070RIM.wav
480,192,31234,1,0,00070closed606.wav
96,192,31329,1,0,00070kick.wav
224,192,31329,1,0,00070bassE1.wav
416,192,31329,1,0,00070open606.wav
352,192,31518,1,0,00070HI_C_15J.wav
416,192,31518,1,0,00070closed606.wav
224,192,31613,1,0,00070bassE2.wav
288,192,31613,1,0,00070RIM.wav
480,192,31613,1,0,00070closed606.wav
96,192,31708,1,0,00070kick.wav
352,192,31708,1,0,00070HI_C_15J.wav
416,192,31708,1,0,00070closed606.wav
160,192,31803,1,0,00070bassE3.wav
288,192,31803,1,0,00070RIM.wav
480,192,31803,1,0,00070closed606.wav
224,192,31898,1,0,00070bassE2.wav
416,192,31898,1,0,00070open606.wav
480,192,31993,1,0,00070closed606.wav
96,192,32088,1,0,00070kick.wav
160,192,32088,1,0,00070bassD.wav
352,192,32088,1,0,00070HI_C_15J.wav
416,192,32088,1,0,00070open606.wav
224,192,32183,1,0,00070bassE3.wav
288,192,32183,1,0,00070RIM.wav
352,192,32278,1,0,00070bassG.wav
480,192,32278,1,0,00070closed606.wav
224,192,32373,1,0,00070bassE3.wav
96,192,32468,1,0,00070kick.wav
160,192,32468,1,0,00070bassD.wav
352,192,32468,1,0,00070HI_C_15J.wav
480,192,32468,1,0,00070closed606.wav
224,192,32563,1,0,00070bassE3.wav
288,192,32563,1,0,00070RIM.wav
416,192,32563,1,0,00070closed606.wav
96,192,32658,1,0,00070kick.wav
160,192,32658,1,0,00070bassD.wav
480,192,32658,1,0,00070closed606.wav
224,192,32753,1,0,00070bassE1.wav
352,192,32753,1,0,00070HI_C_15J.wav
288,192,32848,1,0,00070HI_C_15J.wav
416,192,32848,1,0,00070closed606.wav
352,192,32943,1,0,00070HI_C_15J.wav
480,192,32943,1,0,00070closed606.wav
96,192,33037,1,0,00070kick.wav
224,192,33037,1,0,00070bassE1.wav
416,192,33037,1,0,00070open606.wav
352,192,33227,1,0,00070HI_C_15J.wav
416,192,33227,1,0,00070closed606.wav
160,192,33322,1,0,00070bassE1.wav
288,192,33322,1,0,00070RIM.wav
480,192,33322,1,0,00070closed606.wav
96,192,33417,1,0,00070kick.wav
416,192,33417,1,0,00070open606.wav
160,192,33512,1,0,00070bassE3.wav
288,192,33512,1,0,00070RIM.wav
352,192,33607,1,0,00070bassG.wav
480,192,33607,1,0,00070closed606.wav
224,192,33702,1,0,00070bassE3.wav
288,192,33702,1,0,00070HI_C_15J.wav
416,192,33702,1,0,00070closed606.wav
96,192,33797,1,0,00070kick.wav
160,192,33797,1,0,00070bassD.wav
352,192,33797,1,0,00070HI_C_15J.wav
224,192,33892,1,0,00070bassE2.wav
288,192,33892,1,0,00070RIM.wav
416,192,33892,1,0,00070closed606.wav
96,192,33987,1,0,00070kick.wav
160,192,33987,1,0,00070bassD.wav
352,192,33987,1,0,00070HI_C_15J.wav
480,192,33987,1,0,00070closed606.wav
96,192,34082,1,0,00070kick.wav
224,192,34082,1,0,00070bassE2.wav
288,192,34082,1,0,00070RIM.wav
480,192,34082,1,0,00070closed606.wav
96,192,34272,1,0,00070kick.wav
160,192,34272,1,0,00070bassE3.wav
288,192,34272,1,0,00070RIM.wav
480,192,34272,1,0,00070closed606.wav
96,192,34367,1,0,00070kick.wav
224,192,34367,1,0,00070bassE2.wav
416,192,34367,1,0,00070open606.wav
96,192,34556,1,0,00070kick.wav
160,192,34556,1,0,00070bassE3.wav
352,192,34556,1,0,00070HI_C_15J.wav
480,192,34556,1,0,00070closed606.wav
96,192,34651,1,0,00070kick.wav
224,192,34651,1,0,00070bassE2.wav
288,192,34651,1,0,00070RIM.wav
480,192,34651,1,0,00070closed606.wav
224,192,34841,1,0,00070bassG.wav
288,192,34841,1,0,00070RIM.wav
480,192,34841,1,0,00070closed606.wav
96,192,34936,1,0,00070kick.wav
160,192,34936,1,0,00070bassE2.wav
416,192,34936,1,0,00070open606.wav
160,192,35126,1,0,00070bassD.wav
352,192,35126,1,0,00070HI_C_15J.wav
480,192,35126,1,0,00070closed606.wav
224,192,35221,1,0,00070bassE3.wav
288,192,35221,1,0,00070RIM.wav
96,192,35316,1,0,00070kick.wav
352,192,35316,1,0,00070bassG.wav
416,192,35316,1,0,00070closed606.wav
224,192,35411,1,0,00070bassE3.wav
480,192,35411,1,0,00070closed606.wav
96,192,35506,1,0,00070kick.wav
160,192,35506,1,0,00070bassD.wav
416,192,35506,1,0,00070open606.wav
96,192,35601,1,0,00070kick.wav
288,192,35601,1,0,00070bassE3.wav
96,192,35696,1,0,00070kick.wav
160,192,35696,1,0,00070bassD.wav
352,192,35696,1,0,00070tb_D.wav
224,192,35791,1,0,00070bassE2.wav
416,192,35791,1,0,00070tb_E.wav
224,192,35981,1,0,00070bassE3.wav
416,192,35981,1,0,00070tb_Es.wav
96,192,36075,1,0,00070kick.wav
224,192,36075,1,0,00070bassE1.wav
416,192,36075,1,0,00070tb_E.wav
224,192,36265,1,0,00070bassE3.wav
416,192,36265,1,0,00070tb_Es.wav
224,192,36360,1,0,00070bassE2.wav
416,192,36360,1,0,00070tb_E.wav
96,192,36455,1,0,00070kick.wav
224,192,36550,1,0,00070bassE3.wav
416,192,36550,1,0,00070tb_Es.wav
288,192,36645,1,0,00070bassG.wav
352,192,36645,1,0,00070tb_D.wav
224,192,36740,1,0,00070bassE3.wav
416,192,36740,1,0,00070tb_Es.wav
96,192,36835,1,0,00070kick.wav
160,192,36835,1,0,00070bassD.wav
480,192,36835,1,0,00070tb_G.wav
224,192,36930,1,0,00070bassE3.wav
416,192,36930,1,0,00070tb_E.wav
96,192,37025,1,0,00070kick.wav
160,192,37025,1,0,00070bassD.wav
352,192,37025,1,0,00070tb_D.wav
224,192,37120,1,0,00070bassE2.wav
416,192,37120,1,0,00070tb_E.wav
224,192,37310,1,0,00070bassE3.wav
416,192,37310,1,0,00070tb_Es.wav
96,192,37405,1,0,00070kick.wav
224,192,37405,1,0,00070bassE1.wav
416,192,37405,1,0,00070tb_E.wav
224,192,37594,1,0,00070bassE3.wav
416,192,37594,1,0,00070tb_Es.wav
224,192,37689,1,0,00070bassE2.wav
416,192,37689,1,0,00070tb_E.wav
96,192,37784,1,0,00070kick.wav
224,192,37879,1,0,00070bassE3.wav
416,192,37879,1,0,00070tb_Es.wav
288,192,37974,1,0,00070bassG.wav
352,192,37974,1,0,00070tb_D.wav
224,192,38069,1,0,00070bassE3.wav
416,192,38069,1,0,00070tb_Es.wav
96,192,38164,1,0,00070kick.wav
160,192,38164,1,0,00070bassD.wav
480,192,38164,1,0,00070tb_G.wav
224,192,38259,1,0,00070bassE2.wav
416,192,38259,1,0,00070tb_Es.wav
480,192,38354,1,0,00070tb_Eh.wav
224,192,38449,1,0,00070bassE1.wav
416,192,38449,1,0,00070tb_E.wav
96,192,38544,1,0,00070kick.wav
480,192,38544,1,0,00070tb_G.wav
288,192,38639,1,0,00070bassG.wav
416,192,38639,1,0,00070tb_Es.wav
96,192,38734,1,0,00070kick.wav
224,192,38734,1,0,00070bassE3.wav
352,192,38734,1,0,00070tb_D.wav
160,192,38829,1,0,00070bassD.wav
416,192,38829,1,0,00070tb_Es.wav
96,192,39303,1,0,00070kick.wav
224,192,39303,1,0,00070bassE2.wav
416,192,39303,1,0,00070tb_E.wav
160,192,39493,1,0,00070bassD.wav
416,192,39493,1,0,00070tb_Es.wav
96,192,39588,1,0,00070kick.wav
224,192,39588,1,0,00070bassE3.wav
416,192,39588,1,0,00070tb_Es.wav
288,192,39683,1,0,00070bassG.wav
480,192,39683,1,0,00070tb_G.wav
224,192,39778,1,0,00070bassE3.wav
416,192,39778,1,0,00070tb_Es.wav
96,192,39873,1,0,00070kick.wav
160,192,39873,1,0,00070bassD.wav
352,192,39873,1,0,00070tb_D.wav
224,192,39968,1,0,00070bassE2.wav
416,192,39968,1,0,00070tb_Es.wav
96,192,40063,1,0,00070kick.wav
160,192,40063,1,0,00070bassD.wav
352,192,40063,1,0,00070tb_D.wav
224,192,40158,1,0,00070bassE3.wav
416,192,40158,1,0,00070tb_Es.wav
96,192,40253,1,0,00070kick.wav
160,192,40253,1,0,00070bassD.wav
352,192,40253,1,0,00070tb_D.wav
160,192,40348,1,0,00070bassD.wav
352,192,40348,1,0,00070tb_D.wav
224,192,40443,1,0,00070bassE2.wav
416,192,40443,1,0,00070tb_E.wav
96,192,40632,1,0,00070kick.wav
224,192,40632,1,0,00070bassE3.wav
480,192,40632,1,0,00070tb_Eh.wav
224,192,40727,1,0,00070bassE2.wav
416,192,40727,1,0,00070tb_E.wav
224,192,40917,1,0,00070bassE3.wav
416,192,40917,1,0,00070tb_Es.wav
96,192,41012,1,0,00070kick.wav
224,192,41012,1,0,00070bassE2.wav
416,192,41012,1,0,00070tb_E.wav
160,192,41202,1,0,00070bassD.wav
352,192,41202,1,0,00070tb_D.wav
224,192,41297,1,0,00070bassE3.wav
416,192,41297,1,0,00070tb_Es.wav
96,192,41392,1,0,00070kick.wav
288,192,41392,1,0,00070bassG.wav
480,192,41392,1,0,00070tb_G.wav
224,192,41487,1,0,00070bassE3.wav
416,192,41487,1,0,00070tb_Es.wav
96,192,41582,1,0,00070kick.wav
160,192,41582,1,0,00070bassD.wav
352,192,41582,1,0,00070tb_D.wav
96,192,41677,1,0,00070kick.wav
224,192,41677,1,0,00070bassE3.wav
416,192,41677,1,0,00070tb_E.wav
96,192,41772,1,0,00070kick.wav
160,192,41772,1,0,00070bassD.wav
224,192,41867,1,0,00070bassE2.wav
416,192,41867,1,0,00070tb_Es.wav
416,192,41962,1,0,00070tb_Es.wav
224,192,42056,1,0,00070bassE3.wav
352,192,42056,1,0,00070tb_D.wav
96,192,42151,1,0,00070kick.wav
224,192,42151,1,0,00070bassE2.wav
416,192,42151,1,0,00070tb_E.wav
160,192,42341,1,0,00070bassD.wav
416,192,42341,1,0,00070tb_Es.wav
224,192,42436,1,0,00070bassE3.wav
416,192,42436,1,0,00070tb_Es.wav
96,192,42531,1,0,00070kick.wav
288,192,42531,1,0,00070bassG.wav
480,192,42531,1,0,00070tb_G.wav
224,192,42626,1,0,00070bassE3.wav
416,192,42626,1,0,00070tb_Es.wav
160,192,42721,1,0,00070bassD.wav
352,192,42721,1,0,00070tb_D.wav
96,192,42816,1,0,00070kick.wav
224,192,42816,1,0,00070bassE2.wav
416,192,42816,1,0,00070tb_Es.wav
96,192,42911,1,0,00070kick.wav
160,192,42911,1,0,00070bassD.wav
352,192,42911,1,0,00070tb_D.wav
224,192,43006,1,0,00070bassE3.wav
416,192,43006,1,0,00070tb_Es.wav
96,192,43101,1,0,00070kick.wav
160,192,43101,1,0,00070bassD.wav
352,192,43101,1,0,00070tb_D.wav
160,192,43196,1,0,00070bassD.wav
352,192,43196,1,0,00070tb_D.wav
224,192,43291,1,0,00070bassE2.wav
416,192,43291,1,0,00070tb_E.wav
96,192,43481,1,0,00070kick.wav
224,192,43481,1,0,00070bassE3.wav
480,192,43481,1,0,00070tb_Eh.wav
224,192,43575,1,0,00070bassE2.wav
416,192,43575,1,0,00070tb_E.wav
224,192,43765,1,0,00070bassE3.wav
416,192,43765,1,0,00070tb_Es.wav
96,192,43860,1,0,00070kick.wav
224,192,43860,1,0,00070bassE2.wav
416,192,43860,1,0,00070tb_E.wav
160,192,44050,1,0,00070bassD.wav
352,192,44050,1,0,00070tb_D.wav
96,192,44145,1,0,00070kick.wav
224,192,44145,1,0,00070bassE3.wav
416,192,44145,1,0,00070tb_Es.wav
288,192,44240,1,0,00070bassG.wav
480,192,44240,1,0,00070tb_G.wav
224,192,44335,1,0,00070bassE3.wav
416,192,44335,1,0,00070tb_Es.wav
96,192,44430,1,0,00070kick.wav
160,192,44430,1,0,00070bassD.wav
352,192,44430,1,0,00070tb_D.wav
224,192,44525,1,0,00070bassE3.wav
416,192,44525,1,0,00070tb_Es.wav
96,192,44620,1,0,00070kick.wav
160,192,44620,1,0,00070bassD.wav
352,192,44620,1,0,00070tb_D.wav
96,192,44715,1,0,00070kick.wav
224,192,44715,1,0,00070bassE2.wav
416,192,44715,1,0,00070tb_E.wav
96,192,44905,1,0,00070kick.wav
224,192,44905,1,0,00070bassE3.wav
352,192,44905,1,0,00070tb_D.wav
96,192,45000,1,0,00070kick.wav
224,192,45000,1,0,00070bassE1.wav
416,192,45000,1,0,00070tb_E.wav
96,192,45189,1,0,00070kick.wav
224,192,45189,1,0,00070bassE3.wav
352,192,45189,1,0,00070tb_D.wav
96,192,45284,1,0,00070kick.wav
224,192,45284,1,0,00070bassE2.wav
416,192,45284,1,0,00070tb_E.wav
96,192,45474,1,0,00070kick.wav
224,192,45474,1,0,00070bassE3.wav
352,192,45474,1,0,00070tb_D.wav
96,192,45569,1,0,00070kick.wav
288,192,45569,1,0,00070bassG.wav
416,192,45569,1,0,00070tb_E.wav
224,192,45664,1,0,00070bassE3.wav
96,192,45759,1,0,00070kick.wav
160,192,45759,1,0,00070bassD.wav
480,192,45759,1,0,00070tb_G.wav
224,192,45854,1,0,00070bassE3.wav
416,192,45854,1,0,00070tb_Es.wav
96,192,45949,1,0,00070kick.wav
160,192,45949,1,0,00070bassD.wav
352,192,45949,1,0,00070tb_D.wav
224,192,46044,1,0,00070bassE3.wav
416,192,46044,1,0,00070tb_Es.wav
224,192,46139,1,0,00070bassE2.wav
416,192,46139,1,0,00070tb_Es.wav
96,192,46234,1,0,00070kick.wav
352,192,46234,1,0,00070tb_D.wav
224,192,46329,1,0,00070bassE2.wav
416,192,46329,1,0,00070tb_E.wav
96,192,46518,1,0,00070kick.wav
224,192,46518,1,0,00070bassE3.wav
416,192,46518,1,0,00070tb_Es.wav
288,192,46613,1,0,00070bassG.wav
480,192,46613,1,0,00070tb_G.wav
96,192,46708,1,0,00070kick.wav
224,192,46708,1,0,00070bassE3.wav
416,192,46708,1,0,00070tb_Es.wav
224,192,46803,1,0,00070bassE2.wav
416,192,46803,1,0,00070tb_E.wav
96,192,46898,1,0,00070kick.wav
96,192,46993,1,0,00070kick.wav
224,192,46993,1,0,00070bassE1.wav
416,192,46993,1,0,00070tb_E.wav
96,192,47183,1,0,00070kick.wav
352,192,47183,1,0,00070tb_D.wav
96,192,47278,1,0,00070kick.wav
224,192,47278,1,0,00070bassD.wav
416,192,47278,1,0,00070tb_E.wav
288,192,47373,1,0,00070bassE3.wav
96,192,47468,1,0,00070kick.wav
352,192,47468,1,0,00070bassG.wav
480,192,47468,1,0,00070tb_Eh.wav
160,192,47563,1,0,00070kick.wav
288,192,47563,1,0,00070bassE3.wav
416,192,47563,1,0,00070tb_E.wav
96,192,47658,1,0,00070kick.wav
224,192,47658,1,0,00070bassD.wav
160,192,47753,1,0,00070kick.wav
288,192,47753,1,0,00070bassE3.wav
416,192,47753,1,0,00070tb_Es.wav
96,192,47848,1,0,00070kick.wav
224,192,47848,1,0,00070bassE1.wav
352,192,47848,1,0,00070synth1_E.wav
480,192,47848,1,0,00070deep_kick.wav
96,192,48037,1,0,00070kick.wav
224,192,48037,1,0,00070bassE3.wav
416,192,48037,1,0,00070synth1_E.wav
160,192,48132,1,0,00070bassE3.wav
352,192,48132,1,0,00070synth1_E.wav
288,192,48227,1,0,00070bassF.wav
480,192,48227,1,0,00070synth1_F.wav
160,192,48322,1,0,00070bassE3.wav
352,192,48322,1,0,00070synth1_E.wav
224,192,48417,1,0,00070bassE2.wav
416,192,48417,1,0,00070synth1_E.wav
352,192,48512,1,0,00070synth1_E.wav
288,192,48607,1,0,00070bassF.wav
416,192,48607,1,0,00070synth1_E.wav
160,192,48702,1,0,00070bassE3.wav
480,192,48702,1,0,00070synth1_F.wav
96,192,48797,1,0,00070kick.wav
224,192,48797,1,0,00070bassE2.wav
352,192,48797,1,0,00070synth1_E.wav
416,192,48892,1,0,00070synth1_E.wav
96,192,48987,1,0,00070kick.wav
288,192,48987,1,0,00070bassF.wav
352,192,48987,1,0,00070synth1_E.wav
160,192,49082,1,0,00070bassE3.wav
480,192,49082,1,0,00070synth1_F.wav
224,192,49177,1,0,00070bassE3.wav
352,192,49177,1,0,00070synth1_E.wav
288,192,49272,1,0,00070bassF.wav
480,192,49272,1,0,00070synth1_Eh.wav
96,192,49367,1,0,00070kick.wav
224,192,49367,1,0,00070bassE2.wav
352,192,49462,1,0,00070synth2_E.wav
96,192,49556,1,0,00070kick.wav
224,192,49556,1,0,00070bassE3.wav
416,192,49556,1,0,00070synth2_E.wav
160,192,49651,1,0,00070bassE3.wav
352,192,49651,1,0,00070synth2_E.wav
288,192,49746,1,0,00070bassF.wav
480,192,49746,1,0,00070synth2_F.wav
224,192,49841,1,0,00070bassE3.wav
352,192,49841,1,0,00070synth2_E.wav
160,192,49936,1,0,00070bassD.wav
480,192,49936,1,0,00070synth2_Eh.wav
224,192,50031,1,0,00070bassE3.wav
416,192,50031,1,0,00070synth2_F.wav
96,192,50126,1,0,00070kick.wav
160,192,50126,1,0,00070bassE1.wav
352,192,50126,1,0,00070synth2_E.wav
96,192,50316,1,0,00070kick.wav
224,192,50316,1,0,00070bassE3.wav
416,192,50316,1,0,00070synth2_E.wav
160,192,50411,1,0,00070bassE3.wav
352,192,50411,1,0,00070synth2_E.wav
288,192,50506,1,0,00070bassF.wav
480,192,50506,1,0,00070synth2_F.wav
160,192,50601,1,0,00070bassE3.wav
352,192,50601,1,0,00070synth2_E.wav
224,192,50696,1,0,00070bassE2.wav
416,192,50696,1,0,00070synth2_E.wav
352,192,50791,1,0,00070synth2_E.wav
288,192,50886,1,0,00070bassF.wav
416,192,50886,1,0,00070synth2_E.wav
160,192,50981,1,0,00070bassE3.wav
480,192,50981,1,0,00070synth2_F.wav
96,192,51075,1,0,00070kick.wav
224,192,51075,1,0,00070bassE2.wav
352,192,51075,1,0,00070synth2_E.wav
416,192,51170,1,0,00070synth3_E.wav
96,192,51265,1,0,00070kick.wav
288,192,51265,1,0,00070bassF.wav
352,192,51265,1,0,00070synth3_E.wav
160,192,51360,1,0,00070bassE3.wav
480,192,51360,1,0,00070synth3_F.wav
224,192,51455,1,0,00070bassE3.wav
352,192,51455,1,0,00070synth3_E.wav
288,192,51550,1,0,00070bassF.wav
480,192,51550,1,0,00070synth3_Eh.wav
96,192,51645,1,0,00070kick.wav
224,192,51645,1,0,00070bassE2.wav
352,192,51740,1,0,00070synth3_E.wav
96,192,51835,1,0,00070kick.wav
224,192,51835,1,0,00070bassE3.wav
416,192,51835,1,0,00070synth3_E.wav
160,192,51930,1,0,00070bassE3.wav
352,192,51930,1,0,00070synth3_E.wav
288,192,52025,1,0,00070bassF.wav
480,192,52025,1,0,00070synth3_F.wav
224,192,52120,1,0,00070bassE3.wav
352,192,52120,1,0,00070synth3_E.wav
160,192,52215,1,0,00070bassD.wav
480,192,52215,1,0,00070synth3_Eh.wav
224,192,52310,1,0,00070bassE3.wav
416,192,52310,1,0,00070synth3_F.wav
96,192,52405,1,0,00070kick.wav
160,192,52405,1,0,00070bassE1.wav
352,192,52405,1,0,00070synth3_E.wav
96,192,52594,1,0,00070kick.wav
224,192,52594,1,0,00070bassE3.wav
416,192,52594,1,0,00070synth3_E.wav
160,192,52689,1,0,00070bassE3.wav
352,192,52689,1,0,00070synth3_E.wav
288,192,52784,1,0,00070bassF.wav
480,192,52784,1,0,00070synth3_F.wav
160,192,52879,1,0,00070bassE3.wav
352,192,52879,1,0,00070synth3_E.wav
224,192,52974,1,0,00070bassE2.wav
416,192,52974,1,0,00070synth3_E.wav
352,192,53069,1,0,00070synth3_E.wav
288,192,53164,1,0,00070bassF.wav
416,192,53164,1,0,00070synth4_E.wav
160,192,53259,1,0,00070bassE3.wav
480,192,53259,1,0,00070synth4_F.wav
96,192,53354,1,0,00070kick.wav
224,192,53354,1,0,00070bassE2.wav
352,192,53354,1,0,00070synth4_E.wav
416,192,53449,1,0,00070synth4_E.wav
96,192,53544,1,0,00070kick.wav
288,192,53544,1,0,00070bassF.wav
352,192,53544,1,0,00070synth4_E.wav
160,192,53639,1,0,00070bassE3.wav
480,192,53639,1,0,00070synth4_F.wav
224,192,53734,1,0,00070bassE3.wav
352,192,53734,1,0,00070synth4_E.wav
288,192,53829,1,0,00070bassF.wav
480,192,53829,1,0,00070synth4_Eh.wav
96,192,53924,1,0,00070kick.wav
224,192,53924,1,0,00070bassE2.wav
352,192,54018,1,0,00070synth4_E.wav
96,192,54113,1,0,00070kick.wav
224,192,54113,1,0,00070bassE3.wav
416,192,54113,1,0,00070synth4_E.wav
160,192,54208,1,0,00070bassE3.wav
352,192,54208,1,0,00070synth4_E.wav
288,192,54303,1,0,00070bassF.wav
480,192,54303,1,0,00070synth4_F.wav
224,192,54398,1,0,00070bassE3.wav
352,192,54398,1,0,00070synth4_E.wav
160,192,54493,1,0,00070bassD.wav
480,192,54493,1,0,00070synth5_Eh.wav
224,192,54588,1,0,00070bassE3.wav
416,192,54588,1,0,00070synth5_F.wav
96,192,54683,1,0,00070kick.wav
160,192,54683,1,0,00070bassE1.wav
352,192,54683,1,0,00070synth5_E.wav
96,192,54873,1,0,00070kick.wav
224,192,54873,1,0,00070bassE3.wav
416,192,54873,1,0,00070synth5_E.wav
160,192,54968,1,0,00070bassE3.wav
352,192,54968,1,0,00070synth5_E.wav
288,192,55063,1,0,00070bassF.wav
480,192,55063,1,0,00070synth3_F.wav
160,192,55158,1,0,00070bassE3.wav
352,192,55158,1,0,00070synth5_E.wav
224,192,55253,1,0,00070bassE2.wav
416,192,55253,1,0,00070synth5_E.wav
352,192,55348,1,0,00070synth5_E.wav
288,192,55443,1,0,00070bassF.wav
416,192,55443,1,0,00070synth5_E.wav
160,192,55537,1,0,00070bassE3.wav
480,192,55537,1,0,00070synth4_F.wav
96,192,55632,1,0,00070kick.wav
224,192,55632,1,0,00070bassE2.wav
352,192,55632,1,0,00070synth5_E.wav
416,192,55727,1,0,00070synth5_E.wav
96,192,55822,1,0,00070kick.wav
288,192,55822,1,0,00070bassF.wav
352,192,55822,1,0,00070synth6_E.wav
160,192,55917,1,0,00070bassE3.wav
480,192,55917,1,0,00070synth6_F.wav
224,192,56012,1,0,00070bassE3.wav
352,192,56012,1,0,00070synth6_E.wav
288,192,56107,1,0,00070bassF.wav
480,192,56107,1,0,00070synth6_Eh.wav
96,192,56202,1,0,00070kick.wav
224,192,56202,1,0,00070bassE2.wav
352,192,56297,1,0,00070synth6_E.wav
96,192,56392,1,0,00070kick.wav
224,192,56392,1,0,00070bassE3.wav
416,192,56392,1,0,00070synth6_E.wav
160,192,56487,1,0,00070bassE3.wav
352,192,56487,1,0,00070synth6_E.wav
288,192,56582,1,0,00070bassF.wav
480,192,56582,1,0,00070synth6_F.wav
96,192,56677,1,0,00070kick.wav
224,192,56677,1,0,00070bassE3.wav
352,192,56677,1,0,00070synth6_E.wav
160,192,56772,1,0,00070bassD.wav
480,192,56772,1,0,00070synth6_Eh.wav
96,192,56867,1,0,00070kick.wav
224,192,56867,1,0,00070bassE3.wav
416,192,56867,1,0,00070synth6_F.wav
96,192,56962,1,0,00070kick.wav
288,192,56962,1,0,00070bassE1.wav
352,192,56962,1,0,00070synth1_E.wav
160,192,57056,1,0,00070HI_C_15J.wav
288,192,57151,1,0,00070bassE3.wav
416,192,57151,1,0,00070synth1_E.wav
160,192,57246,1,0,00070HI_C_15J.wav
224,192,57246,1,0,00070bassE3.wav
352,192,57246,1,0,00070synth1_E.wav
96,192,57341,1,0,00070kick.wav
288,192,57341,1,0,00070bassF.wav
480,192,57341,1,0,00070synth1_F.wav
224,192,57436,1,0,00070bassE3.wav
352,192,57436,1,0,00070synth1_E.wav
160,192,57531,1,0,00070HI_C_15J.wav
288,192,57531,1,0,00070bassE2.wav
416,192,57531,1,0,00070synth1_E.wav
352,192,57626,1,0,00070synth1_E.wav
96,192,57721,1,0,00070kick.wav
160,192,57721,1,0,00070HI_C_15J.wav
288,192,57721,1,0,00070bassF.wav
416,192,57721,1,0,00070synth1_E.wav
224,192,57816,1,0,00070bassE3.wav
480,192,57816,1,0,00070synth1_F.wav
288,192,57911,1,0,00070bassE2.wav
416,192,57911,1,0,00070synth1_E.wav
352,192,58006,1,0,00070synth1_E.wav
96,192,58101,1,0,00070kick.wav
288,192,58101,1,0,00070bassF.wav
416,192,58101,1,0,00070synth1_E.wav
160,192,58196,1,0,00070HI_C_15J.wav
224,192,58196,1,0,00070bassE3.wav
480,192,58196,1,0,00070synth1_F.wav
160,192,58291,1,0,00070HI_C_15J.wav
288,192,58291,1,0,00070bassE3.wav
416,192,58291,1,0,00070synth1_E.wav
352,192,58386,1,0,00070bassF.wav
480,192,58386,1,0,00070synth1_Eh.wav
96,192,58481,1,0,00070kick.wav
288,192,58481,1,0,00070bassE2.wav
352,192,58575,1,0,00070synth2_E.wav
288,192,58670,1,0,00070bassE3.wav
416,192,58670,1,0,00070synth2_E.wav
224,192,58765,1,0,00070bassE3.wav
352,192,58765,1,0,00070synth2_E.wav
96,192,58860,1,0,00070kick.wav
160,192,58860,1,0,00070HI_C_15J.wav
288,192,58860,1,0,00070bassF.wav
480,192,58860,1,0,00070synth2_F.wav
224,192,58955,1,0,00070bassE3.wav
352,192,58955,1,0,00070synth2_E.wav
160,192,59050,1,0,00070HI_C_15J.wav
288,192,59050,1,0,00070bassD.wav
480,192,59050,1,0,00070synth2_Eh.wav
96,192,59145,1,0,00070kick.wav
224,192,59145,1,0,00070bassE3.wav
416,192,59145,1,0,00070synth2_F.wav
96,192,59240,1,0,00070kick.wav
288,192,59240,1,0,00070bassE1.wav
352,192,59240,1,0,00070synth2_E.wav
160,192,59335,1,0,00070HI_C_15J.wav
288,192,59430,1,0,00070bassE3.wav
416,192,59430,1,0,00070synth2_E.wav
224,192,59525,1,0,00070bassE3.wav
352,192,59525,1,0,00070synth2_E.wav
96,192,59620,1,0,00070kick.wav
288,192,59620,1,0,00070bassF.wav
480,192,59620,1,0,00070synth2_F.wav
224,192,59715,1,0,00070bassE3.wav
352,192,59715,1,0,00070synth2_E.wav
160,192,59810,1,0,00070HI_C_15J.wav
288,192,59810,1,0,00070bassE2.wav
416,192,59810,1,0,00070synth2_E.wav
352,192,59905,1,0,00070synth2_E.wav
160,192,60000,1,0,00070HI_C_15J.wav
288,192,60000,1,0,00070bassF.wav
416,192,60000,1,0,00070synth2_E.wav
224,192,60094,1,0,00070bassE3.wav
480,192,60094,1,0,00070synth2_F.wav
96,192,60189,1,0,00070kick.wav
288,192,60189,1,0,00070bassE2.wav
416,192,60189,1,0,00070synth2_E.wav
352,192,60284,1,0,00070synth3_E.wav
96,192,60379,1,0,00070kick.wav
288,192,60379,1,0,00070bassF.wav
416,192,60379,1,0,00070synth3_E.wav
160,192,60474,1,0,00070HI_C_15J.wav
224,192,60474,1,0,00070bassE3.wav
480,192,60474,1,0,00070synth3_F.wav
288,192,60569,1,0,00070bassE3.wav
416,192,60569,1,0,00070synth3_E.wav
160,192,60664,1,0,00070HI_C_15J.wav
352,192,60664,1,0,00070bassF.wav
480,192,60664,1,0,00070synth3_Eh.wav
96,192,60759,1,0,00070kick.wav
224,192,60759,1,0,00070bassE2.wav
352,192,60854,1,0,00070synth3_E.wav
160,192,60949,1,0,00070HI_C_15J.wav
288,192,60949,1,0,00070bassE3.wav
416,192,60949,1,0,00070synth3_E.wav
224,192,61044,1,0,00070bassE3.wav
352,192,61044,1,0,00070synth3_E.wav
96,192,61139,1,0,00070kick.wav
288,192,61139,1,0,00070bassF.wav
480,192,61139,1,0,00070synth3_F.wav
224,192,61234,1,0,00070bassE3.wav
352,192,61234,1,0,00070synth3_E.wav
160,192,61329,1,0,00070HI_C_15J.wav
288,192,61329,1,0,00070bassD.wav
480,192,61329,1,0,00070synth3_Eh.wav
96,192,61424,1,0,00070kick.wav
224,192,61424,1,0,00070bassE3.wav
416,192,61424,1,0,00070synth3_F.wav
96,192,61518,1,0,00070kick.wav
288,192,61518,1,0,00070bassE1.wav
352,192,61518,1,0,00070synth3_E.wav
160,192,61613,1,0,00070HI_C_15J.wav
288,192,61708,1,0,00070bassE3.wav
416,192,61708,1,0,00070synth3_E.wav
160,192,61803,1,0,00070HI_C_15J.wav
224,192,61803,1,0,00070bassE3.wav
352,192,61803,1,0,00070synth3_E.wav
96,192,61898,1,0,00070kick.wav
288,192,61898,1,0,00070bassF.wav
480,192,61898,1,0,00070synth3_F.wav
224,192,61993,1,0,00070bassE3.wav
352,192,61993,1,0,00070synth3_E.wav
160,192,62088,1,0,00070HI_C_15J.wav
288,192,62088,1,0,00070bassE2.wav
416,192,62088,1,0,00070synth3_E.wav
352,192,62183,1,0,00070synth3_E.wav
96,192,62278,1,0,00070kick.wav
160,192,62278,1,0,00070HI_C_15J.wav
288,192,62278,1,0,00070bassF.wav
416,192,62278,1,0,00070synth4_E.wav
224,192,62373,1,0,00070bassE3.wav
480,192,62373,1,0,00070synth4_F.wav
288,192,62468,1,0,00070bassE2.wav
416,192,62468,1,0,00070synth4_E.wav
352,192,62563,1,0,00070synth4_E.wav
96,192,62658,1,0,00070kick.wav
288,192,62658,1,0,00070bassF.wav
416,192,62658,1,0,00070synth4_E.wav
160,192,62753,1,0,00070HI_C_15J.wav
224,192,62753,1,0,00070bassE3.wav
480,192,62753,1,0,00070synth4_F.wav
288,192,62848,1,0,00070bassE3.wav
416,192,62848,1,0,00070synth4_E.wav
160,192,62943,1,0,00070HI_C_15J.wav
352,192,62943,1,0,00070bassF.wav
480,192,62943,1,0,00070synth4_Eh.wav
96,192,63037,1,0,00070kick.wav
288,192,63037,1,0,00070bassE2.wav
352,192,63132,1,0,00070synth4_E.wav
288,192,63227,1,0,00070bassE3.wav
416,192,63227,1,0,00070synth4_E.wav
224,192,63322,1,0,00070bassE3.wav
352,192,63322,1,0,00070synth4_E.wav
96,192,63417,1,0,00070kick.wav
160,192,63417,1,0,00070HI_C_15J.wav
288,192,63417,1,0,00070bassF.wav
480,192,63417,1,0,00070synth4_F.wav
224,192,63512,1,0,00070bassE3.wav
352,192,63512,1,0,00070synth4_E.wav
160,192,63607,1,0,00070HI_C_15J.wav
288,192,63607,1,0,00070bassD.wav
480,192,63607,1,0,00070synth5_Eh.wav
96,192,63702,1,0,00070kick.wav
224,192,63702,1,0,00070bassE3.wav
416,192,63702,1,0,00070synth5_F.wav
96,192,63797,1,0,00070kick.wav
160,192,63797,1,0,00070HI_C_15J.wav
288,192,63797,1,0,00070bassF.wav
480,192,63797,1,0,00070synth5_F.wav
96,192,63892,1,0,00070kick.wav
224,192,63892,1,0,00070bassE1.wav
352,192,63892,1,0,00070open606.wav
416,192,63892,1,0,00070synth6_E.wav
96,192,64082,1,0,00070kick.wav
160,192,64082,1,0,00070HI_C_15J.wav
288,192,64082,1,0,00070bassF.wav
480,192,64082,1,0,00070synth5_F.wav
96,192,64177,1,0,00070kick.wav
224,192,64177,1,0,00070bassE1.wav
352,192,64177,1,0,00070open606.wav
416,192,64177,1,0,00070synth6_E.wav
96,192,64367,1,0,00070kick.wav
160,192,64367,1,0,00070HI_C_15J.wav
288,192,64367,1,0,00070bassF.wav
480,192,64367,1,0,00070synth5_F.wav
96,192,64462,1,0,00070kick.wav
224,192,64462,1,0,00070bassE1.wav
352,192,64462,1,0,00070open606.wav
416,192,64462,1,0,00070synth6_E.wav
96,192,64651,1,0,00070kick.wav
160,192,64651,1,0,00070HI_C_15J.wav
288,192,64651,1,0,00070bassF.wav
480,192,64651,1,0,00070synth5_F.wav
96,192,64746,1,0,00070kick.wav
224,192,64746,1,0,00070bassE1.wav
352,192,64746,1,0,00070open606.wav
416,192,64746,1,0,00070synth6_E.wav
96,192,64936,1,0,00070kick.wav
288,192,64936,1,0,00070bassF.wav
480,192,64936,1,0,00070synth5_F.wav
224,192,65031,1,0,00070bassE1.wav
352,192,65031,1,0,00070open606.wav
416,192,65031,1,0,00070synth6_E.wav
96,192,65126,1,0,00070kick.wav
160,192,65221,1,0,00070HI_C_15J.wav
224,192,65221,1,0,00070bassE2.wav
416,192,65221,1,0,00070synth6_E.wav
96,192,65316,1,0,00070kick.wav
160,192,65411,1,0,00070kick.wav
288,192,65411,1,0,00070bassE3.wav
416,192,65411,1,0,00070synth6_E.wav
96,192,65506,1,0,00070kick.wav
224,192,65506,1,0,00070bassE3.wav
352,192,65506,1,0,00070HI_C_15J.wav
480,192,65506,1,0,00070synth6_F.wav
160,192,65601,1,0,00070kick.wav
288,192,65601,1,0,00070bassF.wav
416,192,65601,1,0,00070synth6_E.wav
96,192,65696,1,0,00070kick.wav
288,192,65696,1,0,00070HI_C_15J.wav
480,192,65696,1,0,00070kick.wav
160,192,65759,1,0,00070kick.wav
416,192,65759,1,0,00070kick.wav
224,192,65791,1,0,00070ride.wav
352,192,65791,1,0,00070HI_C_15J.wav
96,192,65822,1,0,00070kick.wav
480,192,65822,1,0,00070kick.wav
160,192,65886,1,0,00070kick.wav
288,192,65886,1,0,00070HI_C_15J.wav
416,192,65886,1,0,00070kick.wav
96,192,65949,1,0,00070kick.wav
480,192,65949,1,0,00070kick.wav
224,192,65981,1,0,00070ride.wav
352,192,65981,1,0,00070HI_C_15J.wav
160,192,66012,1,0,00070kick.wav
416,192,66012,1,0,00070kick.wav
96,192,66075,1,0,00070bassE2.wav
224,192,66075,1,0,00070synth1_E.wav
352,192,66075,1,0,00070tb_E.wav
480,192,66075,1,0,00070kick.wav
96,192,66265,1,0,00070bassE3.wav
224,192,66265,1,0,00070synth1_E.wav
416,192,66265,1,0,00070tb_Es.wav
96,192,66360,1,0,00070bassE3.wav
224,192,66360,1,0,00070synth1_E.wav
416,192,66360,1,0,00070tb_Es.wav
160,192,66455,1,0,00070bassF.wav
288,192,66455,1,0,00070scymbal.wav
352,192,66455,1,0,00070synth1_F.wav
480,192,66455,1,0,00070tb_F.wav
96,192,66550,1,0,00070bassE3.wav
224,192,66550,1,0,00070synth1_E.wav
416,192,66550,1,0,00070tb_E.wav
96,192,66740,1,0,00070bassE3.wav
224,192,66740,1,0,00070synth1_E.wav
416,192,66740,1,0,00070tb_E.wav
160,192,66930,1,0,00070bassF.wav
352,192,66930,1,0,00070synth1_F.wav
480,192,66930,1,0,00070tb_F.wav
96,192,67025,1,0,00070bassE3.wav
224,192,67025,1,0,00070synth1_E.wav
416,192,67025,1,0,00070tb_E.wav
96,192,67215,1,0,00070bassE3.wav
224,192,67215,1,0,00070synth1_E.wav
288,192,67215,1,0,00070HI_O_15J.wav
416,192,67215,1,0,00070tb_Es.wav
160,192,67310,1,0,00070bassF.wav
352,192,67310,1,0,00070synth1_Eh.wav
480,192,67310,1,0,00070tb_Eh.wav
96,192,67405,1,0,00070bassE3.wav
224,192,67405,1,0,00070synth1_E.wav
288,192,67405,1,0,00070HI_O_15J.wav
416,192,67405,1,0,00070tb_Es.wav
96,192,67500,1,0,00070bassE2.wav
224,192,67500,1,0,00070synth1_E.wav
416,192,67500,1,0,00070tb_E.wav
96,192,67689,1,0,00070bassE3.wav
224,192,67689,1,0,00070synth1_E.wav
416,192,67689,1,0,00070tb_Es.wav
96,192,67784,1,0,00070bassE3.wav
224,192,67784,1,0,00070synth1_E.wav
416,192,67784,1,0,00070tb_Es.wav
96,192,67879,1,0,00070bassE3.wav
224,192,67879,1,0,00070synth1_E.wav
288,192,67879,1,0,00070scymbal.wav
416,192,67879,1,0,00070tb_Es.wav
160,192,67974,1,0,00070bassF.wav
352,192,67974,1,0,00070synth1_F.wav
480,192,67974,1,0,00070tb_F.wav
96,192,68069,1,0,00070bassE3.wav
224,192,68069,1,0,00070synth1_E.wav
416,192,68069,1,0,00070tb_E.wav
160,192,68259,1,0,00070bassF.wav
352,192,68259,1,0,00070synth2_F.wav
480,192,68259,1,0,00070tb_F.wav
96,192,68354,1,0,00070bassE3.wav
224,192,68354,1,0,00070synth2_E.wav
416,192,68354,1,0,00070tb_Es.wav
96,192,68449,1,0,00070bassE3.wav
224,192,68449,1,0,00070synth2_E.wav
288,192,68449,1,0,00070HI_O_15J.wav
416,192,68449,1,0,00070tb_E.wav
96,192,68639,1,0,00070bassE3.wav
224,192,68639,1,0,00070synth2_E.wav
416,192,68639,1,0,00070tb_Es.wav
160,192,68734,1,0,00070bassF.wav
352,192,68734,1,0,00070synth2_F.wav
480,192,68734,1,0,00070tb_F.wav
96,192,68829,1,0,00070bassE3.wav
224,192,68829,1,0,00070synth2_E.wav
416,192,68829,1,0,00070tb_Es.wav
160,192,68924,1,0,00070bassF.wav
352,192,68924,1,0,00070synth2_Eh.wav
480,192,68924,1,0,00070tb_Eh.wav
96,192,69018,1,0,00070bassE3.wav
224,192,69018,1,0,00070synth2_E.wav
416,192,69018,1,0,00070tb_Es.wav
96,192,69113,1,0,00070bassE2.wav
224,192,69113,1,0,00070synth2_E.wav
416,192,69113,1,0,00070tb_E.wav
96,192,69303,1,0,00070bassE3.wav
224,192,69303,1,0,00070synth2_E.wav
416,192,69303,1,0,00070tb_Es.wav
96,192,69398,1,0,00070bassE3.wav
224,192,69398,1,0,00070synth2_E.wav
416,192,69398,1,0,00070tb_Es.wav
160,192,69493,1,0,00070bassF.wav
288,192,69493,1,0,00070scymbal.wav
352,192,69493,1,0,00070synth1_F.wav
480,192,69493,1,0,00070tb_F.wav
96,192,69588,1,0,00070bassE3.wav
224,192,69588,1,0,00070synth2_E.wav
416,192,69588,1,0,00070tb_E.wav
96,192,69778,1,0,00070bassE3.wav
224,192,69778,1,0,00070synth2_E.wav
416,192,69778,1,0,00070tb_E.wav
160,192,69968,1,0,00070bassF.wav
352,192,69968,1,0,00070synth1_F.wav
480,192,69968,1,0,00070tb_F.wav
96,192,70063,1,0,00070bassE3.wav
224,192,70063,1,0,00070synth2_E.wav
416,192,70063,1,0,00070tb_E.wav
96,192,70253,1,0,00070bassE3.wav
224,192,70253,1,0,00070synth2_E.wav
416,192,70253,1,0,00070tb_Es.wav
160,192,70348,1,0,00070bassF.wav
352,192,70348,1,0,00070synth2_Eh.wav
480,192,70348,1,0,00070tb_Eh.wav
96,192,70443,1,0,00070bassE3.wav
224,192,70443,1,0,00070synth2_E.wav
288,192,70443,1,0,00070HI_O_15J.wav
416,192,70443,1,0,00070tb_Es.wav
96,192,70537,1,0,00070bassE2.wav
224,192,70537,1,0,00070synth3_E.wav
416,192,70537,1,0,00070tb_E.wav
96,192,70727,1,0,00070bassE3.wav
224,192,70727,1,0,00070synth3_E.wav
416,192,70727,1,0,00070tb_Es.wav
96,192,70822,1,0,00070bassE3.wav
224,192,70822,1,0,00070synth3_E.wav
288,192,70822,1,0,00070HI_O_15J.wav
416,192,70822,1,0,00070tb_Es.wav
96,192,70917,1,0,00070bassE3.wav
224,192,70917,1,0,00070synth3_E.wav
288,192,70917,1,0,00070scymbal.wav
416,192,70917,1,0,00070tb_Es.wav
160,192,71012,1,0,00070bassF.wav
352,192,71012,1,0,00070synth2_F.wav
480,192,71012,1,0,00070tb_F.wav
96,192,71107,1,0,00070bassE3.wav
224,192,71107,1,0,00070synth3_E.wav
416,192,71107,1,0,00070tb_E.wav
288,192,71202,1,0,00070HI_O_15J.wav
160,192,71297,1,0,00070bassF.wav
352,192,71297,1,0,00070synth2_F.wav
480,192,71297,1,0,00070tb_F.wav
96,192,71392,1,0,00070bassE3.wav
224,192,71392,1,0,00070synth3_E.wav
416,192,71392,1,0,00070tb_Es.wav
96,192,71487,1,0,00070bassE3.wav
224,192,71487,1,0,00070synth3_E.wav
288,192,71487,1,0,00070HI_O_15J.wav
416,192,71487,1,0,00070tb_E.wav
96,192,71677,1,0,00070bassE3.wav
224,192,71677,1,0,00070synth3_E.wav
416,192,71677,1,0,00070tb_Es.wav
160,192,71772,1,0,00070bassF.wav
352,192,71772,1,0,00070synth2_F.wav
480,192,71772,1,0,00070tb_F.wav
96,192,71867,1,0,00070bassE3.wav
224,192,71867,1,0,00070synth3_E.wav
416,192,71867,1,0,00070tb_Es.wav
160,192,71962,1,0,00070bassF.wav
352,192,71962,1,0,00070synth3_Eh.wav
480,192,71962,1,0,00070tb_Eh.wav
96,192,72056,1,0,00070bassE3.wav
224,192,72056,1,0,00070synth3_E.wav
416,192,72056,1,0,00070tb_Es.wav
160,192,72151,1,0,00070tb_E.wav
352,192,72151,1,0,00070synth3_E.wav
480,192,72151,1,0,00070bassE2.wav
160,192,72341,1,0,00070tb_Es.wav
352,192,72341,1,0,00070synth3_E.wav
480,192,72341,1,0,00070bassE3.wav
160,192,72436,1,0,00070tb_Es.wav
352,192,72436,1,0,00070synth3_E.wav
480,192,72436,1,0,00070bassE3.wav
96,192,72531,1,0,00070tb_F.wav
224,192,72531,1,0,00070synth3_F.wav
288,192,72531,1,0,00070scymbal.wav
416,192,72531,1,0,00070bassF.wav
160,192,72626,1,0,00070tb_E.wav
352,192,72626,1,0,00070synth3_E.wav
480,192,72626,1,0,00070bassE3.wav
160,192,72816,1,0,00070tb_E.wav
352,192,72816,1,0,00070synth4_E.wav
480,192,72816,1,0,00070bassE3.wav
96,192,73006,1,0,00070tb_F.wav
224,192,73006,1,0,00070synth4_F.wav
416,192,73006,1,0,00070bassF.wav
160,192,73101,1,0,00070tb_E.wav
352,192,73101,1,0,00070synth4_E.wav
480,192,73101,1,0,00070bassE3.wav
160,192,73291,1,0,00070tb_Es.wav
352,192,73291,1,0,00070synth4_E.wav
480,192,73291,1,0,00070bassE3.wav
96,192,73386,1,0,00070tb_Eh.wav
224,192,73386,1,0,00070synth5_Eh.wav
416,192,73386,1,0,00070bassF.wav
160,192,73481,1,0,00070tb_Es.wav
288,192,73481,1,0,00070HI_O_15J.wav
352,192,73481,1,0,00070synth4_E.wav
480,192,73481,1,0,00070bassE3.wav
160,192,73575,1,0,00070tb_E.wav
352,192,73575,1,0,00070synth4_E.wav
480,192,73575,1,0,00070bassE2.wav
160,192,73765,1,0,00070tb_Es.wav
352,192,73765,1,0,00070synth4_E.wav
480,192,73765,1,0,00070bassE3.wav
160,192,73860,1,0,00070tb_Es.wav
352,192,73860,1,0,00070synth4_E.wav
480,192,73860,1,0,00070bassE3.wav
160,192,73955,1,0,00070tb_Es.wav
288,192,73955,1,0,00070scymbal.wav
352,192,73955,1,0,00070synth4_E.wav
480,192,73955,1,0,00070bassE3.wav
96,192,74050,1,0,00070tb_F.wav
224,192,74050,1,0,00070synth4_F.wav
416,192,74050,1,0,00070bassF.wav
160,192,74145,1,0,00070tb_E.wav
352,192,74145,1,0,00070synth4_E.wav
480,192,74145,1,0,00070bassE3.wav
96,192,74335,1,0,00070tb_F.wav
224,192,74335,1,0,00070synth4_F.wav
416,192,74335,1,0,00070bassF.wav
160,192,74430,1,0,00070tb_Es.wav
352,192,74430,1,0,00070synth4_E.wav
480,192,74430,1,0,00070bassE3.wav
160,192,74525,1,0,00070tb_E.wav
288,192,74525,1,0,00070HI_O_15J.wav
352,192,74525,1,0,00070synth4_E.wav
480,192,74525,1,0,00070bassE3.wav
160,192,74715,1,0,00070tb_Es.wav
352,192,74715,1,0,00070synth4_E.wav
480,192,74715,1,0,00070bassE3.wav
96,192,74810,1,0,00070tb_F.wav
224,192,74810,1,0,00070synth4_F.wav
416,192,74810,1,0,00070bassF.wav
160,192,74905,1,0,00070tb_Es.wav
352,192,74905,1,0,00070synth4_E.wav
480,192,74905,1,0,00070bassE3.wav
96,192,75000,1,0,00070tb_Eh.wav
224,192,75000,1,0,00070synth4_Eh.wav
416,192,75000,1,0,00070bassF.wav
160,192,75094,1,0,00070tb_Es.wav
352,192,75094,1,0,00070synth4_E.wav
480,192,75094,1,0,00070bassE3.wav
160,192,75189,1,0,00070tb_E.wav
352,192,75189,1,0,00070synth5_E.wav
480,192,75189,1,0,00070bassE2.wav
160,192,75379,1,0,00070tb_Es.wav
352,192,75379,1,0,00070synth5_E.wav
480,192,75379,1,0,00070bassE3.wav
160,192,75474,1,0,00070tb_Es.wav
352,192,75474,1,0,00070synth5_E.wav
480,192,75474,1,0,00070bassE3.wav
96,192,75569,1,0,00070tb_F.wav
224,192,75569,1,0,00070synth5_F.wav
288,192,75569,1,0,00070scymbal.wav
416,192,75569,1,0,00070bassF.wav
160,192,75664,1,0,00070tb_E.wav
352,192,75664,1,0,00070synth5_E.wav
480,192,75664,1,0,00070bassE3.wav
160,192,75854,1,0,00070tb_E.wav
352,192,75854,1,0,00070synth5_E.wav
480,192,75854,1,0,00070bassE3.wav
96,192,76044,1,0,00070tb_F.wav
224,192,76044,1,0,00070synth5_F.wav
416,192,76044,1,0,00070bassF.wav
160,192,76139,1,0,00070tb_E.wav
352,192,76139,1,0,00070synth5_E.wav
480,192,76139,1,0,00070bassE3.wav
160,192,76329,1,0,00070tb_Es.wav
352,192,76329,1,0,00070synth5_E.wav
480,192,76329,1,0,00070bassE3.wav
96,192,76424,1,0,00070tb_Eh.wav
224,192,76424,1,0,00070synth5_Eh.wav
416,192,76424,1,0,00070bassF.wav
160,192,76518,1,0,00070tb_Es.wav
288,192,76518,1,0,00070HI_O_15J.wav
352,192,76518,1,0,00070synth5_E.wav
480,192,76518,1,0,00070bassE3.wav
96,192,76613,1,0,00070tb_F.wav
224,192,76613,1,0,00070synth6_F.wav
416,192,76613,1,0,00070bassF.wav
160,192,76708,1,0,00070tb_E.wav
288,192,76708,1,0,00070HI_O_15J.wav
352,192,76708,1,0,00070synth6_E.wav
480,192,76708,1,0,00070bassE3.wav
160,192,76898,1,0,00070bassF.wav
352,192,76898,1,0,00070synth6_F.wav
480,192,76898,1,0,00070tb_F.wav
96,192,76993,1,0,00070bassE3.wav
224,192,76993,1,0,00070synth6_E.wav
288,192,76993,1,0,00070scymbal.wav
416,192,76993,1,0,00070tb_E.wav
96,192,77183,1,0,00070tb_F.wav
224,192,77183,1,0,00070synth6_F.wav
416,192,77183,1,0,00070bassF.wav
160,192,77278,1,0,00070tb_E.wav
288,192,77278,1,0,00070HI_O_15J.wav
352,192,77278,1,0,00070synth6_E.wav
480,192,77278,1,0,00070bassE3.wav
160,192,77468,1,0,00070bassF.wav
352,192,77468,1,0,00070synth6_F.wav
480,192,77468,1,0,00070tb_F.wav
96,192,77563,1,0,00070bassE3.wav
224,192,77563,1,0,00070synth6_E.wav
288,192,77563,1,0,00070HI_O_15J.wav
416,192,77563,1,0,00070tb_E.wav
160,192,77753,1,0,00070bassF.wav
352,192,77753,1,0,00070synth6_F.wav
480,192,77753,1,0,00070tb_F.wav
96,192,77848,1,0,00070bassE3.wav
224,192,77848,1,0,00070synth6_E.wav
416,192,77848,1,0,00070tb_Es.wav
160,192,77943,1,0,00070bassF.wav
352,192,77943,1,0,00070synth6_Eh.wav
480,192,77943,1,0,00070tb_Eh.wav
96,192,78037,1,0,00070bassE3.wav
224,192,78037,1,0,00070synth6_E.wav
416,192,78037,1,0,00070tb_Es.wav
160,192,78132,1,0,00070bassF.wav
352,192,78132,1,0,00070synth6_F.wav
480,192,78132,1,0,00070tb_F.wav
96,192,78227,1,0,00070kick.wav
160,192,78227,1,0,00070noise_E.wav
480,192,78227,1,0,00070ride.wav
224,192,78275,1,0,00070noise_E.wav
416,192,78322,1,0,00070noise_Er.wav
352,192,78370,1,0,00070noise_Er.wav
224,192,78417,1,0,00070noise_E.wav
288,192,78465,1,0,00070noise_E.wav
352,192,78512,1,0,00070noise_Er.wav
288,192,78560,1,0,00070noise_Er.wav
96,192,78607,1,0,00070kick.wav
160,192,78607,1,0,00070noise_E.wav
480,192,78607,1,0,00070ride.wav
224,192,78655,1,0,00070noise_E.wav
416,192,78702,1,0,00070noise_Er.wav
352,192,78750,1,0,00070noise_Er.wav
224,192,78797,1,0,00070noise_E.wav
288,192,78844,1,0,00070noise_E.wav
352,192,78892,1,0,00070noise_Er.wav
288,192,78939,1,0,00070noise_Er.wav
96,192,78987,1,0,00070kick.wav
160,192,78987,1,0,00070noise_E.wav
480,192,78987,1,0,00070ride.wav
224,192,79034,1,0,00070noise_E.wav
352,192,79082,1,0,00070noise_Er.wav
416,192,79129,1,0,00070noise_Er.wav
96,192,79367,1,0,00070kick.wav
224,192,79367,1,0,00070noise_E.wav
480,192,79367,1,0,00070ride.wav
160,192,79414,1,0,00070noise_E.wav
352,192,79462,1,0,00070noise_Er.wav
416,192,79509,1,0,00070noise_Er.wav
288,192,79556,1,0,00070noise_E.wav
480,192,79556,1,0,00070ride.wav
224,192,79604,1,0,00070noise_E.wav
96,192,79651,1,0,00070kick.wav
288,192,79651,1,0,00070noise_Er.wav
352,192,79699,1,0,00070noise_Er.wav
224,192,79746,1,0,00070noise_E.wav
160,192,79794,1,0,00070noise_E.wav
96,192,79841,1,0,00070kick.wav
352,192,79841,1,0,00070noise_Er.wav
416,192,79889,1,0,00070noise_Er.wav
288,192,79936,1,0,00070noise_E.wav
480,192,79936,1,0,00070ride.wav
224,192,79984,1,0,00070noise_E.wav
288,192,80031,1,0,00070noise_Er.wav
352,192,80079,1,0,00070noise_Er.wav
224,192,80126,1,0,00070noise_E.wav
160,192,80174,1,0,00070noise_E.wav
96,192,80221,1,0,00070kick.wav
352,192,80221,1,0,00070noise_Er.wav
416,192,80268,1,0,00070noise_Er.wav
288,192,80316,1,0,00070noise_E.wav
480,192,80316,1,0,00070ride.wav
224,192,80363,1,0,00070noise_E.wav
96,192,80411,1,0,00070kick.wav
288,192,80411,1,0,00070noise_Er.wav
160,192,80458,1,0,00070noise_Er.wav
352,192,80696,1,0,00070noise_Er.wav
480,192,80696,1,0,00070ride.wav
288,192,80743,1,0,00070noise_Er.wav
96,192,80791,1,0,00070kick.wav
160,192,80791,1,0,00070noise_E.wav
480,192,80791,1,0,00070ride.wav
224,192,80838,1,0,00070noise_E.wav
416,192,80886,1,0,00070noise_Er.wav
352,192,80933,1,0,00070noise_Er.wav
96,192,80981,1,0,00070kick.wav
160,192,81004,1,0,00070noise_E2.wav
224,192,81028,1,0,00070noise_E2.wav
288,192,81052,1,0,00070noise_E2.wav
352,192,81075,1,0,00070noise_E2.wav
416,192,81099,1,0,00070noise_E2.wav
96,192,81170,1,0,00070kick.wav
224,192,81170,1,0,00070noise_E.wav
480,192,81170,1,0,00070ride.wav
160,192,81218,1,0,00070noise_E.wav
416,192,81265,1,0,00070noise_Er.wav
352,192,81313,1,0,00070noise_Er.wav
288,192,81360,1,0,00070noise_E.wav
224,192,81408,1,0,00070noise_E.wav
352,192,81455,1,0,00070noise_Er.wav
288,192,81503,1,0,00070noise_Er.wav
96,192,81550,1,0,00070kick.wav
224,192,81550,1,0,00070noise_E.wav
480,192,81550,1,0,00070ride.wav
160,192,81598,1,0,00070noise_E.wav
416,192,81645,1,0,00070noise_Er.wav
352,192,81693,1,0,00070noise_Er.wav
288,192,81740,1,0,00070noise_E.wav
224,192,81787,1,0,00070noise_E.wav
352,192,81835,1,0,00070noise_Er.wav
288,192,81882,1,0,00070noise_Er.wav
96,192,81930,1,0,00070kick.wav
224,192,81930,1,0,00070noise_E.wav
480,192,81930,1,0,00070ride.wav
160,192,81977,1,0,00070noise_E.wav
416,192,82025,1,0,00070noise_Er.wav
96,192,82310,1,0,00070kick.wav
224,192,82310,1,0,00070noise_E.wav
480,192,82310,1,0,00070ride.wav
288,192,82357,1,0,00070noise_E.wav
352,192,82405,1,0,00070noise_Er.wav
416,192,82452,1,0,00070noise_Er.wav
96,192,82500,1,0,00070kick.wav
160,192,82500,1,0,00070noise_E.wav
480,192,82500,1,0,00070ride.wav
224,192,82547,1,0,00070noise_E.wav
96,192,82594,1,0,00070kick.wav
288,192,82594,1,0,00070noise_Er.wav
480,192,82594,1,0,00070ride.wav
352,192,82642,1,0,00070noise_Er.wav
224,192,82689,1,0,00070noise_E.wav
288,192,82737,1,0,00070noise_E.wav
96,192,82784,1,0,00070kick.wav
352,192,82784,1,0,00070noise_Er.wav
416,192,82832,1,0,00070noise_Er.wav
160,192,82879,1,0,00070noise_E.wav
224,192,82927,1,0,00070noise_E.wav
96,192,82974,1,0,00070kick.wav
288,192,82974,1,0,00070noise_Er.wav
480,192,82974,1,0,00070ride.wav
352,192,83022,1,0,00070noise_Er.wav
224,192,83069,1,0,00070noise_E.wav
288,192,83117,1,0,00070noise_E.wav
352,192,83164,1,0,00070noise_Er.wav
416,192,83212,1,0,00070noise_Er.wav
96,192,83354,1,0,00070kick.wav
480,192,83354,1,0,00070ride.wav
160,192,83449,1,0,00070noise_E.wav
288,192,83496,1,0,00070noise_Er.wav
480,192,83544,1,0,00070noise_E2.wav
416,192,83568,1,0,00070noise_E2.wav
352,192,83591,1,0,00070noise_E2.wav
288,192,83615,1,0,00070noise_E2.wav
224,192,83639,1,0,00070noise_E2.wav
160,192,83662,1,0,00070noise_E2.wav
96,192,83734,1,0,00070kick.wav
288,192,83734,1,0,00070noise_E.wav
480,192,83734,1,0,00070ride.wav
224,192,83781,1,0,00070noise_E.wav
288,192,83829,1,0,00070noise_Er.wav
352,192,83876,1,0,00070noise_Er.wav
224,192,83924,1,0,00070noise_E.wav
160,192,83971,1,0,00070noise_E.wav
352,192,84018,1,0,00070noise_Er.wav
416,192,84066,1,0,00070noise_Er.wav
96,192,84113,1,0,00070kick.wav
288,192,84113,1,0,00070noise_Er.wav
480,192,84113,1,0,00070ride.wav
96,192,84208,1,0,00070kick.wav
96,192,84303,1,0,00070noise_E.wav
160,192,84327,1,0,00070noise_Er.wav
288,192,84351,1,0,00070noise_E.wav
352,192,84375,1,0,00070noise_Er.wav
480,192,84398,1,0,00070noise_E.wav
96,192,84422,1,0,00070noise_Er.wav
224,192,84446,1,0,00070noise_E.wav
288,192,84469,1,0,00070noise_Er.wav
416,192,84493,1,0,00070noise_E.wav
480,192,84517,1,0,00070noise_Er.wav
160,192,84541,1,0,00070noise_E.wav
224,192,84564,1,0,00070noise_Er.wav
352,192,84588,1,0,00070noise_E.wav
416,192,84612,1,0,00070noise_Er.wav
480,192,84636,1,0,00070noise_E.wav
96,192,84659,1,0,00070noise_Er.wav
160,192,84683,1,0,00070noise_E.wav
288,192,84707,1,0,00070noise_Er.wav
352,192,84731,1,0,00070noise_E.wav
416,192,84754,1,0,00070noise_Er.wav
96,192,84778,1,0,00070noise_Er.wav
224,192,84802,1,0,00070noise_Er.wav
288,192,84825,1,0,00070noise_E.wav
352,192,84849,1,0,00070noise_Er.wav
480,192,84873,1,0,00070noise_E.wav
160,192,84897,1,0,00070noise_Er.wav
224,192,84920,1,0,00070noise_E.wav
288,192,84944,1,0,00070noise_Er.wav
416,192,84968,1,0,00070noise_Er.wav
480,192,84992,1,0,00070noise_Er.wav
96,192,85015,1,0,00070noise_E.wav
160,192,85039,1,0,00070noise_Er.wav
224,192,85063,1,0,00070noise_E.wav
352,192,85087,1,0,00070noise_Er.wav
416,192,85110,1,0,00070noise_E.wav
96,192,85134,1,0,00070noise_Er.wav
160,192,85158,1,0,00070noise_Er.wav
288,192,85181,1,0,00070noise_Er.wav
352,192,85205,1,0,00070noise_E.wav
480,192,85229,1,0,00070noise_Er.wav
96,192,85253,1,0,00070noise_E.wav
480,192,85443,1,0,00070noise_Er.wav
416,192,85466,1,0,00070noise_E.wav
288,192,85490,1,0,00070noise_Er.wav
224,192,85514,1,0,00070noise_E.wav
96,192,85537,1,0,00070noise_Er.wav
480,192,85561,1,0,00070noise_E.wav
352,192,85585,1,0,00070noise_Er.wav
288,192,85609,1,0,00070noise_E.wav
160,192,85632,1,0,00070noise_Er.wav
96,192,85656,1,0,00070noise_E.wav
416,192,85680,1,0,00070noise_Er.wav
352,192,85704,1,0,00070noise_E.wav
224,192,85727,1,0,00070noise_Er.wav
160,192,85751,1,0,00070noise_E.wav
96,192,85775,1,0,00070noise_Er.wav
480,192,85799,1,0,00070noise_E.wav
416,192,85822,1,0,00070noise_Er.wav
288,192,85846,1,0,00070noise_E.wav
224,192,85870,1,0,00070noise_Er.wav
160,192,85893,1,0,00070noise_E.wav
480,192,85917,1,0,00070noise_Er.wav
352,192,85941,1,0,00070noise_E.wav
288,192,85965,1,0,00070noise_Er.wav
224,192,85988,1,0,00070noise_E.wav
96,192,86012,1,0,00070noise_Er.wav
416,192,86036,1,0,00070noise_E.wav
352,192,86060,1,0,00070noise_Er.wav
288,192,86083,1,0,00070noise_E.wav
160,192,86107,1,0,00070noise_Er.wav
96,192,86131,1,0,00070noise_E.wav
480,192,86155,1,0,00070noise_Er.wav
416,192,86178,1,0,00070noise_E.wav
352,192,86202,1,0,00070noise_Er.wav
224,192,86226,1,0,00070noise_E.wav
160,192,86250,1,0,00070noise_Er.wav
480,192,86273,1,0,00070noise_E.wav
416,192,86297,1,0,00070noise_Er.wav
288,192,86321,1,0,00070noise_E.wav
224,192,86344,1,0,00070noise_Er.wav
96,192,86368,1,0,00070noise_E.wav
480,192,86392,1,0,00070noise_Er.wav
480,192,86582,1,0,00070noise_E.wav
416,192,86606,1,0,00070noise_Er.wav
224,192,86629,1,0,00070noise_E.wav
160,192,86653,1,0,00070noise_Er.wav
288,192,86677,1,0,00070noise_E.wav
352,192,86700,1,0,00070noise_Er.wav
416,192,86724,1,0,00070noise_E.wav
224,192,86748,1,0,00070noise_Er.wav
160,192,86772,1,0,00070noise_E.wav
96,192,86795,1,0,00070noise_Er.wav
288,192,86819,1,0,00070noise_E.wav
352,192,86843,1,0,00070noise_Er.wav
416,192,86867,1,0,00070noise_E.wav
480,192,86890,1,0,00070noise_Er.wav
160,192,86914,1,0,00070noise_E.wav
224,192,86938,1,0,00070noise_Er.wav
288,192,86962,1,0,00070noise_E.wav
96,192,87151,1,0,00070noise_E.wav
160,192,87175,1,0,00070noise_Er.wav
352,192,87199,1,0,00070noise_E.wav
416,192,87223,1,0,00070noise_Er.wav
288,192,87246,1,0,00070noise_E.wav
224,192,87270,1,0,00070noise_Er.wav
160,192,87294,1,0,00070noise_E.wav
352,192,87318,1,0,00070noise_Er.wav
416,192,87341,1,0,00070noise_E.wav
480,192,87365,1,0,00070noise_Er.wav
288,192,87389,1,0,00070noise_E.wav
224,192,87412,1,0,00070noise_Er.wav
160,192,87436,1,0,00070noise_E.wav
96,192,87460,1,0,00070noise_Er.wav
416,192,87484,1,0,00070noise_E.wav
352,192,87507,1,0,00070noise_Er.wav
288,192,87531,1,0,00070noise_E.wav
352,192,87721,1,0,00070noise_Er.wav
160,192,87745,1,0,00070noise_E.wav
416,192,87768,1,0,00070noise_Er.wav
96,192,87792,1,0,00070noise_E.wav
288,192,87816,1,0,00070noise_Er.wav
224,192,87840,1,0,00070noise_E.wav
480,192,87863,1,0,00070noise_Er.wav
160,192,87887,1,0,00070noise_E.wav
352,192,87911,1,0,00070noise_Er.wav
288,192,87935,1,0,00070noise_E.wav
416,192,87958,1,0,00070noise_Er.wav
224,192,87982,1,0,00070noise_E.wav
480,192,88006,1,0,00070noise_Er.wav
96,192,88030,1,0,00070noise_E.wav
352,192,88053,1,0,00070noise_Er.wav
160,192,88077,1,0,00070noise_E.wav
288,192,88101,1,0,00070noise_Er.wav
224,192,88291,1,0,00070noise_Er.wav
416,192,88314,1,0,00070noise_E.wav
160,192,88338,1,0,00070noise_Er.wav
480,192,88362,1,0,00070noise_E.wav
288,192,88386,1,0,00070noise_Er.wav
352,192,88409,1,0,00070noise_E.wav
96,192,88433,1,0,00070noise_Er.wav
416,192,88457,1,0,00070noise_E.wav
224,192,88481,1,0,00070noise_Er.wav
288,192,88504,1,0,00070noise_E.wav
160,192,88528,1,0,00070noise_Er.wav
352,192,88552,1,0,00070noise_E.wav
96,192,88575,1,0,00070noise_Er.wav
288,192,88599,1,0,00070noise_E.wav
160,192,88623,1,0,00070noise_Er.wav
224,192,88647,1,0,00070noise_E.wav
416,192,88670,1,0,00070noise_Er.wav
480,192,88670,1,0,00070ride.wav
352,192,88693,1,0,00070noise_E.wav
288,192,88715,1,0,00070noise_Er.wav
224,192,88737,1,0,00070noise_E.wav
96,192,88759,1,0,00070kick.wav
160,192,88759,1,0,00070noise_Er.wav
96,192,88848,1,0,00070kick.wav
480,192,88848,1,0,00070ride.wav
416,192,88937,1,0,00070noise_Er.wav
352,192,88960,1,0,00070noise_E.wav
288,192,88982,1,0,00070noise_Er.wav
224,192,89004,1,0,00070noise_E.wav
96,192,89026,1,0,00070kick.wav
160,192,89026,1,0,00070noise_Er.wav
96,192,89115,1,0,00070kick.wav
416,192,89204,1,0,00070noise_Er.wav
480,192,89204,1,0,00070ride.wav
352,192,89227,1,0,00070noise_E.wav
288,192,89249,1,0,00070noise_Er.wav
224,192,89271,1,0,00070noise_E.wav
96,192,89293,1,0,00070kick.wav
160,192,89293,1,0,00070noise_Er.wav
96,192,89382,1,0,00070kick.wav
416,192,89471,1,0,00070noise_Er.wav
352,192,89494,1,0,00070noise_E.wav
288,192,89516,1,0,00070noise_Er.wav
224,192,89538,1,0,00070noise_E.wav
96,192,89560,1,0,00070kick.wav
160,192,89560,1,0,00070noise_Er.wav
480,192,89560,1,0,00070ride.wav
96,192,89649,1,0,00070kick.wav
96,192,89738,1,0,00070kick.wav
288,192,89738,1,0,00070closed606.wav
480,192,89738,1,0,00070HI_C_15J.wav
160,192,89798,1,0,00070kick.wav
416,192,89798,1,0,00070HI_C_15J.wav
224,192,89827,1,0,00070noise_D.wav
352,192,89827,1,0,00070closed606.wav
96,192,89857,1,0,00070kick.wav
480,192,89872,1,0,00070HI_C_15J.wav
160,192,89916,1,0,00070kick.wav
288,192,89916,1,0,00070noise_Eh.wav
416,192,89916,1,0,00070HI_C_15J.wav
96,192,89976,1,0,00070kick.wav
480,192,89976,1,0,00070HI_C_15J.wav
224,192,90005,1,0,00070noise_E.wav
352,192,90005,1,0,00070open606.wav
160,192,90035,1,0,00070kick.wav
416,192,90035,1,0,00070HI_C_15J.wav
96,192,90094,1,0,00070kick.wav
224,192,90094,1,0,00070bassD.wav
352,192,90094,1,0,00070tb_D.wav
480,192,90094,1,0,00070ride.wav
288,192,90189,1,0,00070bassE1.wav
416,192,90189,1,0,00070tb_E.wav
224,192,90379,1,0,00070bassE3.wav
352,192,90379,1,0,00070tb_Es.wav
96,192,90474,1,0,00070kick.wav
288,192,90474,1,0,00070bassG.wav
416,192,90474,1,0,00070tb_G.wav
480,192,90474,1,0,00070ride.wav
224,192,90569,1,0,00070bassE1.wav
352,192,90569,1,0,00070tb_E.wav
224,192,90759,1,0,00070bassE2.wav
352,192,90759,1,0,00070tb_E.wav
96,192,90854,1,0,00070kick.wav
480,192,90854,1,0,00070ride.wav
224,192,90949,1,0,00070bassE1.wav
352,192,90949,1,0,00070tb_E.wav
224,192,91139,1,0,00070bassE3.wav
352,192,91139,1,0,00070tb_E.wav
96,192,91234,1,0,00070kick.wav
288,192,91234,1,0,00070bassG.wav
416,192,91234,1,0,00070tb_G.wav
480,192,91234,1,0,00070ride.wav
224,192,91329,1,0,00070bassE1.wav
352,192,91329,1,0,00070tb_E.wav
224,192,91518,1,0,00070bassE3.wav
352,192,91518,1,0,00070tb_Es.wav
416,192,91518,1,0,00070HI_O_15J.wav
96,192,91613,1,0,00070kick.wav
160,192,91613,1,0,00070bassD.wav
288,192,91613,1,0,00070tb_D.wav
480,192,91613,1,0,00070ride.wav
224,192,91708,1,0,00070bassE1.wav
352,192,91708,1,0,00070tb_E.wav
224,192,91898,1,0,00070bassE3.wav
352,192,91898,1,0,00070tb_Es.wav
96,192,91993,1,0,00070kick.wav
288,192,91993,1,0,00070bassG.wav
416,192,91993,1,0,00070tb_G.wav
480,192,91993,1,0,00070ride.wav
224,192,92088,1,0,00070bassE1.wav
352,192,92088,1,0,00070tb_E.wav
224,192,92278,1,0,00070bassE2.wav
352,192,92278,1,0,00070tb_E.wav
96,192,92373,1,0,00070kick.wav
480,192,92373,1,0,00070ride.wav
224,192,92468,1,0,00070bassE1.wav
352,192,92468,1,0,00070tb_E.wav
224,192,92658,1,0,00070bassE3.wav
352,192,92658,1,0,00070tb_E.wav
96,192,92753,1,0,00070kick.wav
160,192,92753,1,0,00070bassD.wav
288,192,92753,1,0,00070tb_D.wav
480,192,92753,1,0,00070ride.wav
224,192,92848,1,0,00070bassE2.wav
352,192,92848,1,0,00070tb_E.wav
224,192,93037,1,0,00070bassE3.wav
352,192,93037,1,0,00070tb_E.wav
416,192,93037,1,0,00070HI_O_15J.wav
96,192,93132,1,0,00070kick.wav
160,192,93132,1,0,00070bassD.wav
288,192,93132,1,0,00070tb_D.wav
480,192,93132,1,0,00070ride.wav
224,192,93227,1,0,00070bassE1.wav
352,192,93227,1,0,00070tb_E.wav
224,192,93417,1,0,00070bassE3.wav
352,192,93417,1,0,00070tb_Es.wav
96,192,93512,1,0,00070kick.wav
288,192,93512,1,0,00070bassG.wav
416,192,93512,1,0,00070tb_G.wav
480,192,93512,1,0,00070ride.wav
224,192,93607,1,0,00070bassE1.wav
352,192,93607,1,0,00070tb_E.wav
224,192,93797,1,0,00070bassE2.wav
352,192,93797,1,0,00070tb_E.wav
96,192,93892,1,0,00070kick.wav
480,192,93892,1,0,00070ride.wav
224,192,93987,1,0,00070bassE1.wav
352,192,93987,1,0,00070tb_E.wav
224,192,94177,1,0,00070bassE3.wav
352,192,94177,1,0,00070tb_E.wav
96,192,94272,1,0,00070kick.wav
288,192,94272,1,0,00070bassG.wav
416,192,94272,1,0,00070tb_G.wav
480,192,94272,1,0,00070ride.wav
224,192,94367,1,0,00070bassE1.wav
352,192,94367,1,0,00070tb_E.wav
224,192,94556,1,0,00070bassE3.wav
352,192,94556,1,0,00070tb_Es.wav
416,192,94556,1,0,00070HI_O_15J.wav
96,192,94651,1,0,00070kick.wav
160,192,94651,1,0,00070bassD.wav
288,192,94651,1,0,00070tb_D.wav
480,192,94651,1,0,00070ride.wav
224,192,94746,1,0,00070bassE1.wav
352,192,94746,1,0,00070tb_E.wav
224,192,94936,1,0,00070bassE3.wav
352,192,94936,1,0,00070tb_Es.wav
96,192,95031,1,0,00070kick.wav
288,192,95031,1,0,00070bassG.wav
416,192,95031,1,0,00070tb_G.wav
480,192,95031,1,0,00070ride.wav
224,192,95126,1,0,00070bassE1.wav
352,192,95126,1,0,00070tb_E.wav
224,192,95316,1,0,00070bassE2.wav
352,192,95316,1,0,00070tb_E.wav
96,192,95411,1,0,00070kick.wav
480,192,95411,1,0,00070ride.wav
224,192,95506,1,0,00070bassE1.wav
352,192,95506,1,0,00070tb_E.wav
224,192,95696,1,0,00070bassE3.wav
352,192,95696,1,0,00070tb_E.wav
96,192,95791,1,0,00070kick.wav
160,192,95791,1,0,00070bassD.wav
288,192,95791,1,0,00070tb_D.wav
480,192,95791,1,0,00070ride.wav
224,192,95886,1,0,00070bassE2.wav
352,192,95886,1,0,00070tb_E.wav
416,192,95981,1,0,00070HI_O_15J.wav
224,192,96075,1,0,00070bassE3.wav
352,192,96075,1,0,00070tb_E.wav
96,192,96170,1,0,00070kick.wav
160,192,96170,1,0,00070bassD.wav
288,192,96170,1,0,00070tb_D.wav
224,192,96265,1,0,00070bassE2.wav
352,192,96265,1,0,00070tb_E.wav
416,192,96265,1,0,00070HI_C_15J.wav
480,192,96265,1,0,00070ride.wav
224,192,96455,1,0,00070bassE3.wav
352,192,96455,1,0,00070tb_Es.wav
416,192,96455,1,0,00070HI_C_15J.wav
96,192,96550,1,0,00070kick.wav
160,192,96550,1,0,00070bassE1.wav
288,192,96550,1,0,00070tb_E.wav
480,192,96550,1,0,00070ride.wav
416,192,96645,1,0,00070open606.wav
96,192,96740,1,0,00070kick.wav
224,192,96740,1,0,00070bassD.wav
352,192,96740,1,0,00070tb_Es.wav
96,192,96835,1,0,00070kick.wav
160,192,96835,1,0,00070bassE3.wav
288,192,96835,1,0,00070tb_E.wav
480,192,96835,1,0,00070ride.wav
224,192,96930,1,0,00070bassG.wav
416,192,96930,1,0,00070open606.wav
96,192,97025,1,0,00070kick.wav
160,192,97025,1,0,00070bassE3.wav
288,192,97025,1,0,00070tb_D.wav
96,192,97120,1,0,00070kick.wav
224,192,97120,1,0,00070bassD.wav
352,192,97120,1,0,00070tb_Es.wav
480,192,97120,1,0,00070ride.wav
160,192,97215,1,0,00070bassE3.wav
416,192,97215,1,0,00070tb_G.wav
96,192,97310,1,0,00070kick.wav
224,192,97310,1,0,00070bassD.wav
288,192,97310,1,0,00070tb_D.wav
160,192,97405,1,0,00070bassE1.wav
352,192,97405,1,0,00070tb_E.wav
416,192,97405,1,0,00070HI_C_15J.wav
480,192,97405,1,0,00070ride.wav
224,192,97594,1,0,00070bassE3.wav
352,192,97594,1,0,00070tb_Es.wav
416,192,97594,1,0,00070HI_C_15J.wav
96,192,97689,1,0,00070kick.wav
160,192,97689,1,0,00070bassE1.wav
288,192,97689,1,0,00070tb_E.wav
480,192,97689,1,0,00070ride.wav
416,192,97784,1,0,00070open606.wav
96,192,97879,1,0,00070kick.wav
160,192,97879,1,0,00070bassD.wav
352,192,97879,1,0,00070tb_Es.wav
96,192,97974,1,0,00070kick.wav
224,192,97974,1,0,00070bassE3.wav
288,192,97974,1,0,00070tb_E.wav
480,192,97974,1,0,00070ride.wav
160,192,98069,1,0,00070bassG.wav
416,192,98069,1,0,00070open606.wav
96,192,98164,1,0,00070kick.wav
224,192,98164,1,0,00070bassE3.wav
352,192,98164,1,0,00070tb_Es.wav
160,192,98259,1,0,00070bassD.wav
288,192,98259,1,0,00070tb_D.wav
480,192,98259,1,0,00070ride.wav
224,192,98354,1,0,00070bassE3.wav
416,192,98354,1,0,00070tb_G.wav
96,192,98449,1,0,00070kick.wav
160,192,98449,1,0,00070bassD.wav
288,192,98449,1,0,00070HI_C_15J.wav
352,192,98449,1,0,00070tb_D.wav
480,192,98449,1,0,00070ride.wav
96,192,98544,1,0,00070kick.wav
224,192,98544,1,0,00070bassE1.wav
288,192,98544,1,0,00070HI_O_15J.wav
416,192,98544,1,0,00070tb_E.wav
480,192,98544,1,0,00070ride.wav
96,192,98734,1,0,00070kick.wav
160,192,98734,1,0,00070bassD.wav
288,192,98734,1,0,00070HI_C_15J.wav
352,192,98734,1,0,00070tb_D.wav
480,192,98734,1,0,00070ride.wav
96,192,98829,1,0,00070kick.wav
224,192,98829,1,0,00070bassE1.wav
288,192,98829,1,0,00070scymbal.wav
416,192,98829,1,0,00070tb_E.wav
480,192,98829,1,0,00070ride.wav
96,192,99018,1,0,00070kick.wav
160,192,99018,1,0,00070bassD.wav
288,192,99018,1,0,00070HI_C_15J.wav
352,192,99018,1,0,00070tb_D.wav
480,192,99018,1,0,00070ride.wav
96,192,99113,1,0,00070kick.wav
224,192,99113,1,0,00070bassE1.wav
288,192,99113,1,0,00070HI_O_15J.wav
416,192,99113,1,0,00070tb_E.wav
480,192,99113,1,0,00070ride.wav
96,192,99303,1,0,00070kick.wav
160,192,99303,1,0,00070bassD.wav
288,192,99303,1,0,00070HI_C_15J.wav
352,192,99303,1,0,00070tb_D.wav
480,192,99303,1,0,00070ride.wav
96,192,99398,1,0,00070kick.wav
224,192,99398,1,0,00070bassE1.wav
288,192,99398,1,0,00070HI_O_15J.wav
416,192,99398,1,0,00070tb_E.wav
480,192,99398,1,0,00070ride.wav
96,192,99588,1,0,00070kick.wav
160,192,99588,1,0,00070bassD.wav
288,192,99588,1,0,00070tb_D.wav
480,192,99588,1,0,00070ride.wav
224,192,99683,1,0,00070bassE2.wav
352,192,99683,1,0,00070tb_E.wav
416,192,99683,1,0,00070HI_C_15J.wav
96,192,99778,1,0,00070kick.wav
480,192,99778,1,0,00070ride.wav
96,192,99873,1,0,00070kick.wav
224,192,99873,1,0,00070bassE3.wav
352,192,99873,1,0,00070tb_Es.wav
416,192,99873,1,0,00070HI_C_15J.wav
160,192,99968,1,0,00070bassE2.wav
288,192,99968,1,0,00070tb_E.wav
480,192,99968,1,0,00070ride.wav
96,192,100063,1,0,00070kick.wav
224,192,100158,1,0,00070bassE3.wav
352,192,100158,1,0,00070tb_Es.wav
480,192,100158,1,0,00070ride.wav
96,192,100253,1,0,00070kick.wav
160,192,100253,1,0,00070bassE2.wav
288,192,100253,1,0,00070tb_E.wav
416,192,100253,1,0,00070HI_C_15J.wav
480,192,100253,1,0,00070ride.wav
96,192,100443,1,0,00070kick.wav
224,192,100443,1,0,00070bassE3.wav
352,192,100443,1,0,00070tb_Es.wav
480,192,100443,1,0,00070ride.wav
160,192,100537,1,0,00070bassE1.wav
288,192,100537,1,0,00070tb_E.wav
416,192,100537,1,0,00070HI_O_15J.wav
96,192,100632,1,0,00070kick.wav
480,192,100632,1,0,00070ride.wav
96,192,100727,1,0,00070kick.wav
160,192,100727,1,0,00070bassD.wav
288,192,100727,1,0,00070tb_D.wav
480,192,100727,1,0,00070ride.wav
224,192,100822,1,0,00070bassE1.wav
352,192,100822,1,0,00070tb_E.wav
416,192,100822,1,0,00070RIM.wav
96,192,100917,1,0,00070kick.wav
96,192,101012,1,0,00070kick.wav
224,192,101012,1,0,00070bassD.wav
352,192,101012,1,0,00070tb_D.wav
96,192,101107,1,0,00070kick.wav
160,192,101107,1,0,00070bassG.wav
288,192,101107,1,0,00070closed606.wav
416,192,101107,1,0,00070tb_G.wav
480,192,101107,1,0,00070ride.wav
224,192,101170,1,0,00070kick.wav
352,192,101170,1,0,00070closed606.wav
160,192,101202,1,0,00070bassE3.wav
416,192,101202,1,0,00070tb_Es.wav
96,192,101234,1,0,00070kick.wav
288,192,101234,1,0,00070closed606.wav
160,192,101297,1,0,00070bassD.wav
224,192,101297,1,0,00070kick.wav
352,192,101297,1,0,00070tb_D.wav
480,192,101297,1,0,00070closed606.wav
96,192,101360,1,0,00070kick.wav
288,192,101360,1,0,00070closed606.wav
160,192,101392,1,0,00070bassE1.wav
416,192,101392,1,0,00070tb_E.wav
224,192,101424,1,0,00070kick.wav
352,192,101424,1,0,00070closed606.wav
96,192,101487,1,0,00070deep_kick.wav
288,192,101487,1,0,00070scymbal.wav
480,192,101487,1,0,00070ride.wav
